1 0.694849 0.683151 0.119634 0.371523
0 0.690435 0.544559 0.0474054 0.072408
1 0.695024 0.683098 0.119233 0.371652
0 0.690425 0.544508 0.0474733 0.0724477
1 0.694936 0.683225 0.11938 0.371389
0 0.690418 0.544576 0.0474499 0.072458
1 0.287956 0.37051 0.0401057 0.123149
0 0.285209 0.329714 0.0206242 0.0429196
1 0.694944 0.685305 0.120263 0.376728
0 0.690364 0.544593 0.0474292 0.0727968
1 0.287864 0.370405 0.0404151 0.121554
0 0.285326 0.329765 0.0204758 0.0417447
1 0.694957 0.683232 0.119384 0.371415
0 0.690413 0.544575 0.0474627 0.072473
1 0.288004 0.370746 0.0400048 0.120138
0 0.285477 0.330415 0.0207223 0.0425224
1 0.695009 0.685281 0.12035 0.376731
0 0.690378 0.54459 0.0473811 0.072745
1 0.288268 0.37564 0.0417261 0.127796
0 0.285866 0.330553 0.0207304 0.0424016
1 0.694907 0.685801 0.120693 0.377835
0 0.690366 0.544614 0.0473852 0.0727956
1 0.287972 0.370684 0.0402045 0.118871
0 0.285571 0.330341 0.0205654 0.0420936
1 0.69497 0.685136 0.120495 0.376471
0 0.690373 0.544604 0.0474594 0.0727848
1 0.287946 0.37557 0.0424603 0.131922
0 0.285293 0.329608 0.0209481 0.0430126
1 0.694962 0.683281 0.119393 0.371412
0 0.690406 0.544578 0.0474862 0.0724813
1 0.288196 0.37441 0.0425653 0.127935
0 0.285399 0.329836 0.0209704 0.0427679
1 0.694953 0.683226 0.119363 0.371427
0 0.690417 0.544564 0.0474434 0.0724366
1 0.288754 0.375771 0.0409136 0.128591
0 0.285928 0.330686 0.020869 0.0427344
1 0.694947 0.685811 0.120403 0.377674
0 0.690363 0.544633 0.0474006 0.0729063
1 0.288224 0.371292 0.0398684 0.117153
0 0.286197 0.331281 0.0205147 0.0416819
1 0.694866 0.685199 0.120391 0.376373
0 0.690369 0.5446 0.0474365 0.0727654
1 0.287979 0.370747 0.0402139 0.118831
0 0.285563 0.330353 0.0205754 0.042108
1 0.694955 0.683262 0.119355 0.371377
0 0.690412 0.544587 0.0474756 0.072487
1 0.288404 0.375431 0.0422703 0.127057
0 0.285992 0.330853 0.0207987 0.0423575
1 0.694946 0.68328 0.119402 0.371401
0 0.690407 0.544579 0.0474833 0.0724937
1 0.288516 0.376277 0.041303 0.129291
0 0.285938 0.330765 0.0209248 0.0428891
1 0.695014 0.684986 0.120166 0.376122
0 0.690377 0.544578 0.0473696 0.0726787
1 0.287977 0.370727 0.0400996 0.118544
0 0.285576 0.330319 0.020481 0.0419027
1 0.694959 0.685088 0.120441 0.376493
0 0.690368 0.544579 0.0474684 0.0727598
1 0.288208 0.37129 0.0399361 0.117346
0 0.286186 0.331218 0.0204716 0.0416175
1 0.694952 0.683265 0.119366 0.371428
0 0.69041 0.544574 0.0474773 0.0724503
1 0.288274 0.376394 0.0414341 0.132862
0 0.285343 0.329873 0.0210496 0.0432574
1 0.694958 0.685966 0.120669 0.378359
0 0.690358 0.544615 0.047406 0.072929
1 0.288381 0.375815 0.0416325 0.127731
0 0.285946 0.330749 0.0208784 0.0427411
1 0.694917 0.685799 0.120895 0.377931
0 0.690363 0.544642 0.0474821 0.0728758
1 0.288003 0.370792 0.0400972 0.118763
0 0.285586 0.330354 0.020626 0.0421038
1 0.694946 0.683242 0.11936 0.371419
0 0.690421 0.544566 0.0474354 0.0724119
1 0.288647 0.375307 0.0419477 0.126018
0 0.286053 0.330969 0.0208615 0.0422992
1 0.694943 0.683261 0.119349 0.371403
0 0.690412 0.544571 0.0474693 0.0724926
1 0.288499 0.375594 0.0417665 0.126705
0 0.286026 0.331017 0.0207297 0.0423594
1 0.694882 0.68614 0.120574 0.378407
0 0.69035 0.54463 0.0474371 0.0729056
1 0.287965 0.37067 0.0401903 0.119047
0 0.285567 0.330302 0.0205807 0.0421337
1 0.694939 0.683256 0.119502 0.37136
0 0.69041 0.544591 0.0474312 0.0724824
1 0.287948 0.370642 0.0402396 0.119825
0 0.285525 0.330461 0.0207702 0.0425348
1 0.694819 0.68663 0.120761 0.379354
0 0.690341 0.544636 0.0474495 0.0729303
1 0.28861 0.374166 0.0417275 0.123731
0 0.286002 0.330665 0.0205725 0.0419317
1 0.694937 0.685007 0.120439 0.375966
1 0.288296 0.371145 0.0420157 0.118781
0 0.690366 0.54462 0.0474245 0.0727701
0 0.285267 0.330031 0.0207595 0.0424563
1 0.69496 0.685049 0.120464 0.376128
1 0.288578 0.374141 0.0412541 0.12338
0 0.690368 0.544611 0.0474134 0.0727706
0 0.285987 0.330631 0.0204873 0.0418057
1 0.694934 0.683255 0.119402 0.371388
0 0.690409 0.544561 0.0474573 0.0724727
1 0.288389 0.375725 0.041962 0.128948
0 0.285879 0.330523 0.020862 0.0426017
1 0.694959 0.685107 0.120231 0.376329
1 0.288514 0.376591 0.0414616 0.129841
0 0.690372 0.544592 0.0473917 0.0727553
0 0.285964 0.330685 0.0207937 0.042537
1 0.694946 0.685125 0.120333 0.376249
0 0.69037 0.544596 0.0473869 0.0727401
1 0.287957 0.370661 0.0402924 0.119069
0 0.285564 0.330349 0.0205645 0.0421445
1 0.694947 0.683264 0.119385 0.371344
0 0.690413 0.544587 0.047463 0.0724896
1 0.28826 0.375555 0.0416737 0.130894
0 0.285328 0.329989 0.0212135 0.0436536
1 0.694953 0.683242 0.119394 0.371369
0 0.69041 0.544587 0.0474884 0.0725006
1 0.288176 0.376131 0.0422479 0.133405
0 0.285278 0.329719 0.0210194 0.0433241
1 0.694941 0.683257 0.119407 0.371346
0 0.690407 0.544601 0.0474926 0.0725288
1 0.287986 0.370636 0.0399547 0.118929
0 0.285574 0.330461 0.0206573 0.042328
1 0.694951 0.683243 0.119343 0.371359
0 0.690414 0.544573 0.0474639 0.0724859
1 0.288199 0.371245 0.0397562 0.118072
0 0.286158 0.331276 0.0206294 0.0419438
1 0.694966 0.683293 0.119402 0.371332
0 0.690412 0.544594 0.0474865 0.0724984
1 0.288199 0.371324 0.0398315 0.117857
0 0.286175 0.331359 0.0206346 0.0418995
1 0.694936 0.683275 0.119371 0.37137
0 0.690404 0.544591 0.0475029 0.0725299
1 0.287914 0.370626 0.0402869 0.119664
0 0.285553 0.330408 0.0207259 0.0423893
1 0.694943 0.683251 0.119388 0.371365
0 0.69041 0.54459 0.0474905 0.0725103
1 0.287963 0.370649 0.0400614 0.119414
0 0.285549 0.330359 0.0206522 0.0423037
1 0.686329 0.687916 0.108525 0.361658
0 0.682777 0.552369 0.0436083 0.0699112
1 0.28859 0.371575 0.0388215 0.118842
0 0.286265 0.331749 0.0206007 0.0423623
1 0.566407 0.783456 0.0747491 0.230106
0 0.565042 0.69847 0.0284449 0.0505543
1 0.288206 0.372151 0.0401141 0.118402
0 0.285983 0.33099 0.0207378 0.0419222
1 0.28544 0.364333 0.0347873 0.11934
0 0.284144 0.326642 0.0220889 0.0460279
1 0.636009 0.725085 0.100403 0.301109
0 0.636099 0.614093 0.0384077 0.0618315
1 0.691878 0.685389 0.11702 0.366396
0 0.686825 0.549963 0.0483467 0.0736301
1 0.694955 0.683329 0.11944 0.37175
0 0.690408 0.544544 0.047381 0.0723769
0 0.269058 0.345409 0.0173682 0.0325892
1 0.270989 0.374514 0.0296643 0.0881378
1 0.694957 0.68618 0.120577 0.37844
0 0.69035 0.544622 0.0474376 0.0728382
1 0.287607 0.367869 0.032016 0.117146
1 0.694969 0.68578 0.120653 0.377678
0 0.69036 0.544617 0.0473986 0.0727772
1 0.288051 0.370888 0.0399864 0.119379
0 0.285601 0.330191 0.0205532 0.0419114
1 0.694911 0.685045 0.12073 0.376355
0 0.690372 0.544602 0.0474932 0.0727644
1 0.288777 0.374025 0.0411215 0.122748
0 0.28601 0.330729 0.0206348 0.0421534
1 0.695069 0.683322 0.119545 0.371691
0 0.690424 0.544533 0.0474181 0.0723599
1 0.288622 0.375829 0.042093 0.128009
0 0.286023 0.330934 0.0208358 0.0424865
1 0.69501 0.685282 0.120671 0.376843
0 0.690378 0.544584 0.0474243 0.0727472
1 0.288139 0.376487 0.0424605 0.130397
0 0.285923 0.330637 0.020872 0.0426233
1 0.695075 0.685648 0.120826 0.377556
1 0.288351 0.371242 0.041822 0.118602
0 0.690373 0.544597 0.0473846 0.072727
0 0.28529 0.330007 0.0207212 0.0422829
1 0.695039 0.683324 0.11958 0.371607
0 0.690413 0.544565 0.0474536 0.0724285
1 0.288618 0.377034 0.0413062 0.130838
0 0.285959 0.33089 0.020979 0.0428615
1 0.695062 0.685034 0.120485 0.376013
0 0.690382 0.544594 0.0473848 0.0726751
1 0.288471 0.373826 0.0418127 0.125788
0 0.285417 0.329852 0.0208162 0.0425973
1 0.695002 0.683305 0.119621 0.37157
1 0.288269 0.371183 0.0420934 0.119325
0 0.690405 0.544578 0.0474735 0.0724628
0 0.285265 0.330119 0.0209086 0.0426367
1 0.694965 0.683299 0.119498 0.371495
0 0.690408 0.544598 0.0474749 0.0724811
1 0.287945 0.376074 0.0430683 0.133064
0 0.285341 0.329902 0.0211136 0.0432247
1 0.694938 0.683264 0.119448 0.371435
0 0.690414 0.544587 0.0474374 0.07245
1 0.288299 0.371152 0.0420017 0.119152
0 0.285256 0.330102 0.0208988 0.0426609
1 0.694941 0.683279 0.119407 0.371401
1 0.288287 0.371089 0.0419634 0.118971
0 0.690404 0.544582 0.047489 0.0724879
0 0.285273 0.330145 0.020882 0.042657
1 0.694929 0.684792 0.120181 0.375346
0 0.69039 0.544598 0.047398 0.0726463
1 0.287988 0.370721 0.0401719 0.119011
0 0.285558 0.330319 0.0206059 0.0421056
1 0.694888 0.685884 0.120309 0.377784
0 0.690367 0.544616 0.0474024 0.0728329
1 0.288213 0.37139 0.0399066 0.11778
0 0.286159 0.33117 0.0205349 0.0416332
1 0.694982 0.685059 0.120422 0.376134
0 0.690373 0.544611 0.0474517 0.0728087
1 0.288299 0.376135 0.0413814 0.131543
0 0.285341 0.329883 0.0209276 0.0431875
1 0.695012 0.685908 0.120228 0.377876
0 0.690358 0.544629 0.0473908 0.0728905
1 0.288616 0.375006 0.0421334 0.125447
0 0.286028 0.330919 0.0207655 0.0424082
1 0.694954 0.684905 0.120255 0.375831
0 0.69038 0.544599 0.0474435 0.0727165
1 0.288443 0.376611 0.0417783 0.130181
0 0.285924 0.330669 0.0207761 0.042541
1 0.694925 0.685056 0.120361 0.376064
0 0.690379 0.544615 0.0474098 0.0727576
1 0.288598 0.374907 0.0418703 0.125407
0 0.286026 0.330716 0.020629 0.0420367
1 0.694994 0.685495 0.12063 0.377308
0 0.690374 0.544644 0.0474332 0.0729138
1 0.288449 0.376688 0.0419696 0.130207
0 0.28598 0.330888 0.0208482 0.0427967
1 0.694942 0.683246 0.119383 0.37141
0 0.690417 0.544585 0.047459 0.0724674
1 0.288061 0.376107 0.0423537 0.133242
0 0.285292 0.329793 0.0211066 0.0433704
1 0.694939 0.684951 0.120197 0.375948
0 0.690373 0.544589 0.0474242 0.0726987
1 0.28855 0.374986 0.0424671 0.126029
0 0.286041 0.330812 0.0207946 0.0423491
1 0.694982 0.685157 0.120083 0.376214
0 0.690379 0.544597 0.0473526 0.0727475
1 0.287966 0.370677 0.0402381 0.119005
0 0.28555 0.330278 0.0205702 0.0420568
1 0.695086 0.684888 0.120074 0.375506
0 0.690392 0.544597 0.0473966 0.07262
1 0.288298 0.376719 0.041814 0.130294
0 0.285957 0.33075 0.0207173 0.042582
1 0.695128 0.685346 0.119707 0.377617
1 0.298935 0.41171 0.0339194 0.117211
0 0.69034 0.54435 0.0472508 0.0721564
0 0.29605 0.3699 0.017663 0.0340366
1 0.69522 0.684596 0.119437 0.376209
0 0.6904 0.544317 0.0472164 0.0718912
1 0.695099 0.682818 0.118118 0.371243
0 0.690446 0.544313 0.0470996 0.071691
1 0.695083 0.682809 0.118117 0.371168
0 0.690436 0.544328 0.0471249 0.0717263
1 0.695097 0.682818 0.118133 0.371224
0 0.690437 0.544329 0.0471219 0.071692
1 0.69508 0.682807 0.118133 0.371198
0 0.690434 0.544333 0.0471235 0.0717132
1 0.695046 0.682855 0.118324 0.371199
0 0.690421 0.544339 0.0471596 0.0717727
1 0.69506 0.682817 0.118157 0.371127
0 0.690424 0.544343 0.0471369 0.0717411
1 0.695044 0.682837 0.118357 0.371187
0 0.690423 0.544344 0.047155 0.0717722
1 0.695068 0.682809 0.11824 0.371192
0 0.690428 0.544344 0.0471359 0.0717303
1 0.695065 0.682803 0.118228 0.37115
0 0.690418 0.544353 0.0471803 0.0717793
1 0.695043 0.682765 0.118233 0.371129
0 0.690423 0.544361 0.0471552 0.0717664
1 0.695019 0.682781 0.118273 0.371074
0 0.690415 0.544369 0.0471778 0.0717907
1 0.69508 0.682817 0.118191 0.371201
0 0.690432 0.544331 0.0471403 0.0717173
1 0.695071 0.682826 0.118208 0.371207
0 0.690427 0.544339 0.0471484 0.0717492
1 0.695067 0.682813 0.118222 0.371193
0 0.690428 0.544341 0.0471519 0.0717463
1 0.695068 0.682793 0.118227 0.371117
0 0.690424 0.544353 0.0471493 0.0717435
1 0.695047 0.682775 0.118252 0.371103
0 0.690422 0.544361 0.0471552 0.0717473
1 0.695218 0.684689 0.119362 0.376144
0 0.690391 0.544358 0.0472194 0.0719519
1 0.694992 0.682746 0.118189 0.371009
0 0.690419 0.544385 0.047146 0.0717758
1 0.69496 0.682726 0.118074 0.370929
0 0.690412 0.544397 0.0471646 0.0718438
1 0.694964 0.682758 0.118129 0.370961
0 0.690414 0.544387 0.0471546 0.0718243
1 0.694958 0.682742 0.118113 0.370931
0 0.690414 0.544389 0.0471687 0.0718567
1 0.695152 0.685101 0.119429 0.376833
0 0.690375 0.54441 0.0472361 0.0721416
1 0.695205 0.684864 0.119568 0.376384
0 0.690365 0.544381 0.0473166 0.0720849
1 0.69494 0.682799 0.118322 0.370907
0 0.69041 0.544403 0.0471692 0.0718703
1 0.695003 0.682796 0.118466 0.371073
0 0.69042 0.544368 0.0471605 0.0717963
1 0.695031 0.682787 0.118366 0.371072
0 0.690414 0.544378 0.0471523 0.0717744
1 0.694997 0.682716 0.118316 0.370983
0 0.690426 0.544396 0.0470975 0.0717664
1 0.694944 0.682686 0.118141 0.370892
0 0.690416 0.544405 0.0471115 0.0718094
1 0.694956 0.682698 0.118173 0.37091
0 0.690415 0.544397 0.0471138 0.0718054
1 0.694966 0.682702 0.11816 0.370884
0 0.690418 0.544393 0.0471142 0.071808
1 0.695123 0.684794 0.119364 0.376277
0 0.690379 0.544399 0.0472126 0.0720535
1 0.694957 0.6827 0.118153 0.370879
0 0.690419 0.5444 0.0471075 0.0718017
1 0.694955 0.682724 0.118179 0.370893
0 0.690414 0.544402 0.0471151 0.0717976
1 0.694953 0.682714 0.118172 0.370866
0 0.690418 0.5444 0.0471161 0.0718091
1 0.694978 0.684467 0.119187 0.375605
0 0.690375 0.544394 0.047209 0.0720536
1 0.694939 0.682719 0.118217 0.370894
0 0.690417 0.544391 0.0471204 0.0718209
1 0.694951 0.682707 0.118141 0.370895
0 0.690412 0.544402 0.0471331 0.0718424
1 0.694964 0.682742 0.11819 0.370926
0 0.690414 0.544398 0.047143 0.07182
1 0.694958 0.682713 0.118181 0.370871
0 0.690424 0.544401 0.0471186 0.0717955
1 0.694957 0.682729 0.118161 0.370895
0 0.690416 0.544392 0.0471324 0.0718121
1 0.694971 0.68271 0.118096 0.370967
0 0.690414 0.544387 0.0471481 0.0718101
1 0.694967 0.682736 0.118115 0.370976
0 0.690415 0.544381 0.0471533 0.0718196
1 0.694964 0.68273 0.118134 0.370924
0 0.690417 0.544389 0.047159 0.071834
