3 0.810352 0.585586 0.0341437 0.146947
2 0.807271 0.529452 0.0142952 0.029603
3 0.810348 0.585592 0.0341368 0.146963
2 0.807273 0.529453 0.0143007 0.0295886
3 0.810359 0.585616 0.0341515 0.146985
2 0.807269 0.529471 0.0143078 0.0296136
3 0.810356 0.585616 0.0341431 0.14699
2 0.807273 0.529468 0.0143036 0.0296102
3 0.810356 0.585615 0.0341439 0.146988
2 0.807272 0.529468 0.0143036 0.0296171
3 0.810356 0.585613 0.0341459 0.146986
2 0.807272 0.529463 0.0143001 0.0296205
3 0.810351 0.585612 0.0341383 0.146989
2 0.80727 0.529463 0.0142986 0.0296031
3 0.810357 0.585614 0.0341538 0.146999
2 0.807275 0.529461 0.0143101 0.0296054
3 0.810339 0.585615 0.0341345 0.146986
2 0.807276 0.529497 0.0143245 0.0296347
3 0.810333 0.585606 0.0341179 0.146979
2 0.807274 0.5295 0.0143169 0.0296404
3 0.81034 0.585604 0.0341267 0.147001
2 0.807278 0.529468 0.014303 0.0296096
3 0.810336 0.585588 0.0341217 0.146974
2 0.807274 0.529474 0.0143007 0.0296097
3 0.810343 0.585589 0.034137 0.146982
2 0.807277 0.529469 0.0143078 0.0296094
3 0.810353 0.58561 0.0341591 0.147017
2 0.807276 0.529464 0.0143177 0.029606
3 0.810356 0.585614 0.0341536 0.147033
2 0.807279 0.529444 0.0142902 0.0296005
3 0.810357 0.585618 0.0341482 0.147041
2 0.807274 0.52944 0.0142851 0.0296058
