3 0.810332 0.585659 0.0340906 0.146841
2 0.807234 0.529569 0.0143226 0.0295747
3 0.810341 0.585683 0.0341377 0.147029
2 0.80724 0.529536 0.0143369 0.0296856
3 0.810333 0.585621 0.0341252 0.147038
2 0.807245 0.529503 0.0143318 0.0297018
3 0.810333 0.58562 0.0341369 0.147064
2 0.807247 0.529496 0.0143417 0.0297136
3 0.810337 0.585626 0.0341377 0.147058
2 0.807246 0.529509 0.0143394 0.0297228
3 0.810334 0.585622 0.0341336 0.147051
2 0.807246 0.529506 0.0143356 0.0297221
3 0.810333 0.585622 0.0341309 0.14706
2 0.807245 0.529497 0.0143402 0.0297079
3 0.810333 0.585624 0.034129 0.14707
2 0.807248 0.529498 0.0143371 0.0297133
3 0.810335 0.585622 0.0341331 0.147052
2 0.807246 0.529499 0.0143448 0.0297102
3 0.810336 0.585626 0.0341341 0.147049
2 0.807246 0.529505 0.0143362 0.0297204
3 0.810333 0.585629 0.0341306 0.14707
2 0.807247 0.5295 0.0143371 0.0297187
3 0.810336 0.585628 0.0341329 0.147064
2 0.807246 0.52951 0.0143389 0.0297228
3 0.810338 0.585623 0.0341385 0.147049
2 0.807245 0.529512 0.0143413 0.0297324
3 0.810331 0.585628 0.0341294 0.14707
2 0.807247 0.529495 0.0143438 0.0297072
3 0.810335 0.58565 0.0341439 0.147078
2 0.807253 0.529535 0.014357 0.0297361
3 0.810332 0.585678 0.0341278 0.147088
2 0.807256 0.529548 0.0143505 0.0297391
3 0.810331 0.58568 0.0341327 0.147103
2 0.807255 0.529542 0.0143509 0.0297382
3 0.810331 0.585681 0.0341324 0.14711
2 0.807256 0.529547 0.0143493 0.0297406
3 0.810334 0.585675 0.0341322 0.147091
2 0.807258 0.529548 0.0143402 0.0297202
3 0.81033 0.58568 0.0341288 0.147099
2 0.807254 0.529536 0.0143318 0.0297234
3 0.810335 0.585679 0.0341336 0.147106
2 0.807258 0.529534 0.0143421 0.0297317
3 0.810328 0.585677 0.0341292 0.147116
2 0.807252 0.529529 0.0143395 0.0297267
3 0.810331 0.585673 0.0341373 0.147115
2 0.807256 0.529534 0.0143387 0.0297295
3 0.810334 0.585667 0.0341364 0.147105
2 0.807256 0.529528 0.0143439 0.0297295
3 0.810335 0.585652 0.0341467 0.147095
2 0.807253 0.52953 0.0143448 0.0297397
3 0.810333 0.585634 0.0341459 0.147091
2 0.807251 0.52951 0.0143425 0.0297258
3 0.810331 0.585624 0.0341393 0.147067
2 0.807249 0.529504 0.0143371 0.0297192
