1 0.572354 0.685488 0.0967385 0.356211
0 0.566421 0.550729 0.0447365 0.0704115
1 0.680017 0.615787 0.0458128 0.137169
0 0.678733 0.563992 0.0174859 0.0283817
1 0.571961 0.687482 0.0993992 0.360373
1 0.291105 0.455261 0.0326583 0.111857
0 0.566403 0.550836 0.0447152 0.0700923
1 0.679974 0.615764 0.0458187 0.137019
0 0.678697 0.563969 0.0175035 0.0284027
0 0.288646 0.412634 0.0159726 0.0255765
1 0.57203 0.687361 0.0997019 0.360854
1 0.291363 0.456142 0.0339518 0.113312
0 0.566404 0.550571 0.0447103 0.0694802
1 0.680034 0.615852 0.0458208 0.137075
0 0.678692 0.56394 0.0173785 0.0281726
0 0.288888 0.412987 0.0163079 0.0258154
1 0.571901 0.687571 0.0998718 0.360929
1 0.291394 0.456221 0.0349876 0.112759
0 0.566436 0.550872 0.0445833 0.0697922
1 0.680038 0.615863 0.0458141 0.137079
0 0.678701 0.563959 0.017344 0.0281278
0 0.288811 0.41325 0.0165129 0.0259637
1 0.571886 0.687684 0.0998688 0.361061
1 0.291383 0.456312 0.0347103 0.112717
0 0.566435 0.550884 0.0445948 0.0698593
1 0.680035 0.615858 0.045813 0.137057
0 0.678699 0.563962 0.0173496 0.028137
0 0.288802 0.413243 0.0165536 0.026104
1 0.571887 0.687618 0.0998948 0.360969
1 0.291352 0.456193 0.0346296 0.112468
0 0.566433 0.550876 0.0446001 0.0698503
1 0.680039 0.615861 0.0458174 0.137072
0 0.678697 0.563964 0.0173431 0.0281334
0 0.288798 0.413221 0.0165746 0.026078
1 0.571881 0.688188 0.0995571 0.36172
1 0.291382 0.45623 0.0351689 0.112618
0 0.566443 0.550859 0.0445648 0.0698166
1 0.680019 0.615813 0.0458397 0.137048
0 0.678701 0.563981 0.0174177 0.028257
0 0.288844 0.413207 0.0166958 0.026113
1 0.572007 0.687578 0.0996248 0.361322
1 0.680012 0.615802 0.0457012 0.137058
0 0.566415 0.550602 0.0444682 0.0693828
1 0.294857 0.48375 0.0315437 0.115656
0 0.292591 0.439595 0.0159708 0.0278699
0 0.678692 0.563944 0.017422 0.0282593
1 0.572457 0.687299 0.0959124 0.358675
0 0.566438 0.551006 0.0449584 0.0705466
1 0.680022 0.615865 0.045827 0.137206
0 0.678707 0.564046 0.0174544 0.0283639
1 0.195792 0.316231 0.0102274 0.143932
1 0.572565 0.686682 0.0959299 0.358065
0 0.566437 0.550905 0.0447237 0.0703225
1 0.680031 0.615819 0.0457844 0.137145
0 0.678722 0.564022 0.0174496 0.0283573
1 0.195853 0.310409 0.010576 0.157149
1 0.572629 0.686104 0.0963898 0.357359
0 0.566429 0.550799 0.0448086 0.0702458
1 0.680076 0.615842 0.0457921 0.137149
0 0.67872 0.564004 0.017369 0.0282138
1 0.195835 0.311396 0.0105338 0.154736
1 0.572618 0.686052 0.0963676 0.357188
0 0.566414 0.550742 0.0448051 0.0701132
1 0.680068 0.615845 0.0457924 0.137147
0 0.678724 0.564 0.0173689 0.0282117
1 0.19586 0.309288 0.0106649 0.159446
1 0.572624 0.686049 0.0963549 0.357208
0 0.566415 0.55075 0.0448034 0.0701362
1 0.680067 0.615847 0.0457853 0.137152
0 0.678725 0.564 0.0173684 0.0282089
1 0.195851 0.310011 0.0106215 0.157877
1 0.572599 0.686046 0.0964207 0.357194
0 0.566417 0.550742 0.0448254 0.0701293
1 0.680067 0.61584 0.0458001 0.137161
0 0.678724 0.563999 0.0173746 0.0282192
1 0.195848 0.310194 0.0106137 0.157416
1 0.572623 0.686001 0.096381 0.357129
0 0.566409 0.550695 0.0447594 0.0699905
1 0.680056 0.615835 0.0458 0.137065
0 0.67873 0.564004 0.0173747 0.0282028
1 0.195849 0.309969 0.0106194 0.157925
1 0.572621 0.686067 0.0963455 0.357211
0 0.566413 0.55075 0.0447756 0.070087
1 0.680055 0.61584 0.0457918 0.137061
0 0.678729 0.564002 0.0173736 0.0282006
1 0.195845 0.310424 0.0105995 0.156902
1 0.572484 0.686167 0.0965248 0.357059
0 0.566469 0.550859 0.0445831 0.0698483
1 0.680061 0.615859 0.0457198 0.136993
0 0.678726 0.564017 0.017364 0.0281917
1 0.195907 0.309307 0.0107592 0.160327
1 0.572627 0.686155 0.0963012 0.357327
0 0.566415 0.550806 0.044788 0.070158
1 0.68006 0.615845 0.0457891 0.137046
0 0.678726 0.564013 0.0173588 0.0281893
1 0.195847 0.310152 0.010611 0.157534
1 0.572642 0.68602 0.0963471 0.357183
0 0.566414 0.550735 0.0447419 0.0700112
1 0.680055 0.615826 0.0458125 0.137078
0 0.678728 0.563997 0.0173633 0.0281855
1 0.195856 0.31002 0.0106296 0.157805
1 0.572561 0.686344 0.0962097 0.357331
0 0.566439 0.550879 0.0446291 0.0698968
1 0.680064 0.61586 0.0457592 0.136973
0 0.678727 0.56403 0.0173482 0.0281777
1 0.195884 0.310399 0.0106912 0.156787
1 0.572644 0.686066 0.0962048 0.357122
0 0.566423 0.550737 0.0446589 0.0698268
1 0.68007 0.615821 0.0457892 0.136994
0 0.67873 0.564004 0.0173582 0.0281709
1 0.19588 0.309869 0.0106987 0.157985
1 0.572648 0.686077 0.0962918 0.357244
0 0.56642 0.550779 0.0447353 0.0700869
1 0.680058 0.615831 0.0457762 0.137076
0 0.678727 0.563997 0.0173572 0.0281846
1 0.195824 0.310723 0.0105445 0.156119
1 0.572656 0.686059 0.0962772 0.357172
0 0.566431 0.550803 0.0447684 0.0701425
1 0.680068 0.615814 0.0458066 0.137078
0 0.678725 0.563997 0.0173647 0.0281811
1 0.195838 0.311083 0.0105777 0.155113
1 0.572618 0.686157 0.0963252 0.357281
0 0.566426 0.550775 0.0447506 0.0701456
1 0.680068 0.615829 0.0458217 0.137116
0 0.678724 0.564003 0.0173632 0.0281978
1 0.195825 0.31064 0.010568 0.156185
1 0.572618 0.686101 0.0963629 0.357238
0 0.566421 0.550768 0.0447501 0.0701263
1 0.680068 0.615826 0.0458214 0.137116
0 0.678724 0.564002 0.0173717 0.02821
1 0.195819 0.310918 0.010552 0.15554
1 0.572598 0.686177 0.0964031 0.357342
0 0.566418 0.550772 0.0447436 0.0701077
1 0.680068 0.615826 0.0458177 0.137134
0 0.678723 0.564 0.0173763 0.0282088
1 0.195826 0.310327 0.0105763 0.156926
1 0.195762 0.308981 0.0104598 0.160625
