3 0.810299 0.585473 0.0341095 0.14683
2 0.80726 0.52947 0.0143905 0.0297375
3 0.810301 0.585459 0.034112 0.146804
2 0.807263 0.529474 0.0143878 0.0297513
3 0.810313 0.585476 0.0341189 0.146825
2 0.80726 0.52949 0.0144094 0.0297821
3 0.810313 0.585471 0.0341177 0.146808
2 0.807265 0.529484 0.0144032 0.0297597
3 0.810311 0.585474 0.0341179 0.146821
2 0.807265 0.529484 0.0144032 0.0297594
3 0.810313 0.585471 0.0341187 0.146809
2 0.807264 0.529484 0.0144054 0.0297616
3 0.810308 0.585469 0.0341148 0.146813
2 0.807265 0.52948 0.0144039 0.0297577
3 0.81031 0.585471 0.0341211 0.146818
2 0.807265 0.529485 0.014402 0.0297618
3 0.810312 0.585469 0.0341213 0.146812
2 0.807264 0.529486 0.0144066 0.0297715
3 0.810309 0.585472 0.0341198 0.146824
2 0.807262 0.529485 0.0144019 0.0297658
3 0.810315 0.585471 0.0341217 0.146816
2 0.807264 0.529484 0.0144054 0.0297687
3 0.81031 0.58547 0.0341182 0.146816
2 0.807263 0.529483 0.0144035 0.0297647
3 0.810311 0.585471 0.0341141 0.146813
2 0.807264 0.529484 0.014403 0.0297622
3 0.810313 0.585471 0.0341194 0.146811
2 0.807263 0.529488 0.0144059 0.0297741
3 0.810309 0.585469 0.0341174 0.146814
2 0.807264 0.529482 0.0143987 0.0297549
3 0.81031 0.585476 0.0341106 0.146819
2 0.807262 0.529484 0.0144028 0.0297638
3 0.810312 0.58547 0.0341187 0.14681
2 0.807265 0.529484 0.0144028 0.02976
3 0.810306 0.585467 0.0341172 0.146814
2 0.807265 0.529481 0.014399 0.0297523
3 0.810311 0.585471 0.0341158 0.146813
2 0.807265 0.529487 0.0144072 0.0297662
3 0.810311 0.585471 0.0341129 0.146808
2 0.807265 0.529484 0.0144012 0.0297587
3 0.810308 0.585467 0.0341186 0.146812
2 0.807265 0.52948 0.0144039 0.0297579
3 0.810312 0.58547 0.0341242 0.146817
2 0.807265 0.529487 0.0144032 0.0297699
3 0.810311 0.585468 0.0341192 0.146811
2 0.807264 0.529483 0.0144028 0.02976
3 0.810308 0.585484 0.0341243 0.14684
2 0.807261 0.529489 0.0144075 0.0297703
3 0.810311 0.58547 0.0341186 0.146816
2 0.807264 0.529483 0.0144032 0.0297599
3 0.810311 0.585471 0.0341126 0.146811
2 0.807265 0.529483 0.0144028 0.0297601
3 0.810312 0.585469 0.0341164 0.14681
2 0.807265 0.529487 0.0144047 0.0297672
3 0.810308 0.585467 0.0341194 0.146813
2 0.807265 0.529479 0.0144014 0.0297552
3 0.810308 0.585467 0.0341194 0.146812
2 0.807266 0.529481 0.0144009 0.0297581
3 0.810312 0.585472 0.0341144 0.146811
2 0.807263 0.529486 0.0144033 0.0297648
3 0.810312 0.585472 0.0341148 0.146813
2 0.807265 0.529484 0.014402 0.0297609
3 0.810307 0.58548 0.0341219 0.146835
2 0.80726 0.529489 0.0144086 0.0297715
3 0.810311 0.58547 0.0341162 0.146809
2 0.807265 0.529485 0.0144035 0.029759
3 0.810313 0.58547 0.0341156 0.146811
2 0.807265 0.529486 0.0144043 0.0297678
3 0.81031 0.585469 0.0341147 0.14681
2 0.807264 0.529484 0.0144056 0.0297622
3 0.810313 0.585477 0.0341171 0.14682
2 0.807264 0.529489 0.0144032 0.0297729
3 0.810309 0.585473 0.0341198 0.146823
2 0.807263 0.529485 0.0144035 0.0297667
3 0.810311 0.58547 0.0341149 0.146809
2 0.807265 0.529484 0.0144024 0.0297608
3 0.810309 0.585469 0.0341191 0.146816
2 0.807265 0.52948 0.0143993 0.0297551
3 0.810311 0.585469 0.034119 0.146812
2 0.807265 0.529487 0.0144028 0.0297699
3 0.810308 0.585467 0.0341198 0.146814
2 0.807264 0.529484 0.0144 0.0297623
3 0.810311 0.58547 0.0341163 0.146808
2 0.807263 0.529483 0.0144039 0.0297616
3 0.810311 0.58547 0.0341171 0.146809
2 0.807265 0.529484 0.0144024 0.0297615
3 0.810312 0.58547 0.034119 0.14681
2 0.807265 0.529485 0.0144016 0.02976
3 0.810312 0.585473 0.0341172 0.146813
2 0.807264 0.529484 0.0144035 0.029762
3 0.810312 0.585474 0.0341161 0.146815
2 0.807264 0.529484 0.0144049 0.0297627
3 0.810308 0.585469 0.0341164 0.146812
2 0.807264 0.529484 0.0144 0.0297621
3 0.810309 0.585471 0.0341209 0.146824
2 0.807261 0.529482 0.0143998 0.0297612
3 0.810308 0.585467 0.034121 0.146813
2 0.807264 0.529481 0.0143969 0.0297526
3 0.810312 0.585472 0.0341144 0.146815
2 0.807264 0.529482 0.0143974 0.0297548
3 0.810311 0.58547 0.0341148 0.146812
2 0.807265 0.529484 0.0144024 0.0297577
3 0.810309 0.585467 0.0341163 0.146806
2 0.807265 0.529481 0.014402 0.0297572
3 0.81031 0.585469 0.0341168 0.146811
2 0.807265 0.529484 0.0144035 0.0297587
3 0.81031 0.585471 0.0341201 0.146814
2 0.807264 0.529484 0.0144032 0.0297636
3 0.810307 0.585467 0.0341185 0.146811
2 0.807265 0.529482 0.0144003 0.0297586
3 0.810308 0.585468 0.0341193 0.146816
2 0.807264 0.529482 0.0143993 0.0297551
3 0.810311 0.585469 0.0341158 0.14681
2 0.807263 0.529486 0.0144035 0.0297635
3 0.810312 0.585472 0.0341217 0.146817
2 0.807263 0.529486 0.0144035 0.0297699
3 0.810311 0.585469 0.0341173 0.146808
2 0.807265 0.529484 0.0144032 0.029759
3 0.810313 0.585469 0.0341185 0.146807
2 0.807265 0.529486 0.0144039 0.0297598
3 0.810314 0.585471 0.0341221 0.146814
2 0.807264 0.529485 0.0144035 0.0297701
3 0.810313 0.585471 0.0341214 0.146817
2 0.807265 0.529487 0.0144039 0.0297693
3 0.810309 0.585469 0.0341201 0.146816
2 0.807265 0.529485 0.0144005 0.0297635
3 0.810308 0.585469 0.0341137 0.146814
2 0.807263 0.529481 0.0144004 0.029754
3 0.810309 0.585472 0.0341194 0.146823
2 0.807263 0.529488 0.0144047 0.029774
3 0.810311 0.585472 0.0341169 0.14681
2 0.807265 0.529484 0.0144037 0.0297588
3 0.810311 0.585474 0.0341169 0.146821
2 0.807264 0.529486 0.0144054 0.0297727
3 0.810311 0.58547 0.0341198 0.146816
2 0.807264 0.529483 0.0144035 0.0297632
3 0.810312 0.585469 0.0341214 0.146816
2 0.807266 0.529484 0.014406 0.0297691
3 0.81031 0.585469 0.0341212 0.146815
2 0.807263 0.529482 0.0143995 0.0297607
3 0.810311 0.585469 0.0341179 0.146807
2 0.807265 0.529484 0.0144032 0.029759
3 0.810309 0.585465 0.034124 0.146787
2 0.807268 0.529492 0.0143923 0.0297393
3 0.810282 0.585438 0.0340555 0.14678
2 0.807253 0.52951 0.0143915 0.0297458
3 0.810271 0.585444 0.0340251 0.146766
2 0.807248 0.529525 0.0143734 0.0297436
3 0.810272 0.585443 0.0340285 0.146767
2 0.807251 0.529519 0.014381 0.029739
3 0.810273 0.585442 0.0340304 0.146765
2 0.807249 0.529517 0.0143829 0.0297422
3 0.810271 0.585408 0.0340138 0.146724
2 0.807245 0.529494 0.0143629 0.0297014
3 0.810275 0.585403 0.03401 0.146691
2 0.807247 0.529492 0.0143436 0.0296808
3 0.810275 0.585406 0.0340071 0.146694
2 0.807244 0.529491 0.0143358 0.0296812
3 0.810274 0.585405 0.0340191 0.146721
2 0.807247 0.529477 0.0143479 0.0296852
3 0.810278 0.585409 0.0340246 0.146737
2 0.807249 0.529483 0.0143539 0.0297048
