1 0.694859 0.683175 0.119617 0.371194
0 0.690423 0.5446 0.0473135 0.0723819
1 0.69486 0.682896 0.117866 0.371137
0 0.690409 0.544351 0.0470412 0.0718389
1 0.694828 0.682928 0.117839 0.371008
1 0.262548 0.316165 0.0355497 0.123304
0 0.690417 0.544344 0.0469719 0.0716963
0 0.258519 0.270493 0.0204103 0.0374512
1 0.195843 0.599612 0.0178399 0.333457
1 0.694947 0.685225 0.119295 0.376992
1 0.261208 0.316687 0.0378978 0.122797
0 0.690349 0.544336 0.0471035 0.0720233
0 0.257614 0.270762 0.0210177 0.0376414
1 0.195745 0.595371 0.017895 0.320264
1 0.694996 0.686033 0.119461 0.378814
1 0.261311 0.31679 0.0375023 0.122333
0 0.690347 0.544358 0.0470433 0.0721477
0 0.25763 0.27074 0.0208702 0.0373258
1 0.195868 0.594728 0.0177822 0.321529
1 0.694978 0.684077 0.11873 0.374437
0 0.690368 0.544345 0.0471008 0.0719044
1 0.262618 0.320788 0.0345155 0.128658
0 0.258663 0.271893 0.0202472 0.0370854
1 0.695031 0.685919 0.119239 0.378415
1 0.262125 0.321291 0.0356483 0.127615
0 0.690343 0.544361 0.0470431 0.0721244
0 0.258383 0.272185 0.0205249 0.0371951
1 0.694851 0.682943 0.117864 0.370973
0 0.690414 0.544356 0.0469698 0.0716915
1 0.261168 0.321651 0.038306 0.134907
0 0.25775 0.271252 0.0214032 0.0391169
1 0.694987 0.685372 0.119162 0.377244
0 0.690348 0.544365 0.0471165 0.0720543
1 0.262193 0.320337 0.0350422 0.127737
0 0.258626 0.271867 0.0203441 0.0372263
1 0.694831 0.682939 0.117852 0.370951
0 0.690414 0.544345 0.0469923 0.071722
1 0.261228 0.316931 0.0380298 0.123522
0 0.257615 0.270822 0.0210146 0.0375324
1 0.195782 0.600442 0.0177641 0.330727
1 0.69495 0.685449 0.119009 0.377445
0 0.690344 0.544342 0.0470721 0.0721061
1 0.262595 0.320556 0.0341422 0.128101
0 0.258655 0.271582 0.0201724 0.0368784
1 0.694945 0.685586 0.119126 0.377765
1 0.261328 0.31683 0.0375043 0.122455
0 0.69034 0.544348 0.0471096 0.0721545
0 0.257651 0.270815 0.0209146 0.03732
1 0.195895 0.595196 0.0176839 0.3202
1 0.694835 0.682927 0.117846 0.370982
0 0.690417 0.544349 0.0469772 0.0717121
1 0.260938 0.321387 0.0380647 0.133341
0 0.257817 0.271498 0.0212947 0.0387782
1 0.694995 0.685258 0.119096 0.376991
0 0.69035 0.544347 0.047024 0.0720535
1 0.262322 0.320074 0.0347242 0.127036
0 0.258657 0.271797 0.0202378 0.0369001
1 0.694908 0.686387 0.119364 0.379308
1 0.261408 0.316933 0.0374652 0.122458
0 0.690326 0.544373 0.047105 0.0722567
0 0.257665 0.270941 0.0209472 0.037419
1 0.195777 0.601421 0.0168824 0.328354
1 0.694984 0.686553 0.11923 0.379778
0 0.690326 0.544358 0.0470806 0.0722425
1 0.261434 0.320353 0.0372532 0.130428
0 0.257831 0.271408 0.0211577 0.0385058
1 0.694829 0.682934 0.117899 0.370965
0 0.690408 0.544355 0.0469797 0.0717353
1 0.262529 0.321209 0.0342436 0.129316
0 0.258703 0.272051 0.0203361 0.0371021
1 0.694965 0.685078 0.119124 0.376396
0 0.690371 0.544377 0.0470313 0.0719818
1 0.262378 0.320649 0.0344087 0.128314
0 0.258665 0.271896 0.020299 0.0371839
1 0.694827 0.682935 0.117911 0.370922
0 0.690419 0.544355 0.0469578 0.0717049
1 0.261209 0.316826 0.038045 0.123243
0 0.257631 0.270876 0.0210534 0.0375074
1 0.195819 0.599911 0.0174035 0.329491
1 0.694849 0.682961 0.117883 0.370968
0 0.690418 0.544359 0.046986 0.0717162
1 0.262736 0.320231 0.0342764 0.127772
0 0.258672 0.271736 0.020281 0.0370921
1 0.69483 0.682901 0.117883 0.370949
0 0.690417 0.544351 0.046943 0.0716684
1 0.261296 0.316928 0.0377802 0.123116
0 0.257644 0.270923 0.0210074 0.0375463
1 0.195933 0.599858 0.0176918 0.329766
1 0.694845 0.682934 0.11785 0.370963
0 0.690417 0.544354 0.0469639 0.0717046
1 0.261146 0.316817 0.0382398 0.123648
0 0.257631 0.270869 0.0210521 0.0375993
1 0.195791 0.600171 0.0176279 0.330448
1 0.694966 0.685076 0.118876 0.376567
1 0.261383 0.316817 0.0372958 0.122295
0 0.690341 0.54435 0.0471029 0.0721083
0 0.257648 0.270788 0.0209043 0.0373412
1 0.69482 0.68294 0.117907 0.370949
0 0.69041 0.544364 0.0469653 0.0717317
1 0.261297 0.316927 0.0379156 0.123199
0 0.257643 0.270872 0.0210016 0.0374503
1 0.195898 0.599932 0.0175624 0.329483
1 0.694848 0.682937 0.117864 0.370995
0 0.690417 0.544357 0.0469765 0.071713
0 0.257865 0.271437 0.0211201 0.0383383
1 0.261726 0.320981 0.0366281 0.131015
1 0.694828 0.682914 0.117902 0.370941
0 0.690418 0.544349 0.0469523 0.0716832
1 0.261246 0.316883 0.0379795 0.123085
0 0.257625 0.270803 0.0210178 0.0374083
1 0.195881 0.599723 0.0175229 0.33001
1 0.694842 0.682938 0.117888 0.370965
1 0.261192 0.316798 0.0381002 0.123378
0 0.690416 0.54436 0.0469837 0.07172
0 0.25761 0.2708 0.0210252 0.0376014
1 0.19576 0.600396 0.0175793 0.329838
1 0.694976 0.684297 0.118731 0.374805
1 0.261329 0.316774 0.0373962 0.122324
0 0.690379 0.544349 0.0471057 0.0718964
0 0.257641 0.270745 0.0208885 0.0373204
1 0.195797 0.595306 0.0159367 0.318226
1 0.694995 0.685538 0.119009 0.377601
1 0.261329 0.316819 0.0375334 0.122421
0 0.690352 0.544333 0.0470185 0.0720398
0 0.257648 0.270757 0.0209126 0.0373618
1 0.195758 0.594993 0.015937 0.319547
1 0.69483 0.68295 0.117909 0.370966
0 0.690411 0.54436 0.0469628 0.0717047
0 0.257759 0.270916 0.0210656 0.0381986
1 0.261546 0.31808 0.0372595 0.126299
1 0.694809 0.682892 0.117883 0.370966
0 0.690412 0.544354 0.0469599 0.0717173
1 0.261023 0.321569 0.0379687 0.132672
0 0.257806 0.271352 0.0212077 0.0385728
1 0.69494 0.685245 0.119361 0.377115
1 0.261325 0.316771 0.0375425 0.122414
0 0.69035 0.544359 0.0471152 0.0720959
0 0.257645 0.270853 0.0209664 0.0374696
1 0.694825 0.682914 0.117913 0.370916
1 0.261262 0.316833 0.0379041 0.123389
0 0.690411 0.544369 0.0469618 0.0717436
0 0.257609 0.270809 0.0210544 0.0374747
1 0.195723 0.600239 0.0174228 0.329584
1 0.694824 0.68287 0.117861 0.370872
0 0.69042 0.54436 0.0469366 0.0716726
0 0.258702 0.272018 0.0202441 0.0368588
1 0.262625 0.320782 0.0346506 0.128873
1 0.694817 0.682903 0.117933 0.37088
0 0.690418 0.544369 0.0469162 0.071664
1 0.26124 0.316822 0.0379486 0.123124
0 0.257644 0.270895 0.0210147 0.0375832
1 0.195917 0.59988 0.0177246 0.329599
1 0.694828 0.682895 0.117885 0.370953
0 0.690419 0.544363 0.0469387 0.0716693
1 0.261311 0.316935 0.037827 0.123185
0 0.257636 0.270841 0.0210046 0.0373424
1 0.195809 0.600861 0.0176104 0.329746
1 0.694775 0.682908 0.118042 0.37097
0 0.690404 0.544387 0.0469579 0.0717611
1 0.261346 0.316893 0.0376671 0.122748
0 0.257652 0.270878 0.0209897 0.0374289
1 0.195797 0.600638 0.0172651 0.327715
1 0.694854 0.682969 0.117949 0.370992
0 0.690403 0.544419 0.0469805 0.0717442
1 0.261225 0.31685 0.0380046 0.123353
0 0.257627 0.270887 0.021053 0.0376106
1 0.195637 0.601054 0.016853 0.325995
1 0.694831 0.682961 0.118016 0.371027
0 0.690412 0.544393 0.0470046 0.0718186
1 0.261324 0.316881 0.0377505 0.122855
0 0.257657 0.270872 0.0210192 0.0375568
1 0.195858 0.60054 0.0175718 0.328385
1 0.694777 0.682934 0.118015 0.370934
0 0.690409 0.544365 0.0469517 0.071788
1 0.261184 0.316792 0.0382302 0.123259
0 0.257675 0.270885 0.0210397 0.0375033
1 0.195907 0.599754 0.017541 0.330347
1 0.694816 0.682918 0.11794 0.370948
0 0.690423 0.544362 0.046907 0.0717141
1 0.261293 0.31677 0.0377964 0.122757
0 0.25767 0.270842 0.0210099 0.03738
1 0.195865 0.600062 0.0174476 0.329001
1 0.694829 0.682935 0.117918 0.371015
0 0.690421 0.544335 0.0469212 0.071698
1 0.261225 0.31682 0.0379516 0.123063
0 0.257643 0.270856 0.0210282 0.0374669
1 0.195795 0.600316 0.0174716 0.328299
1 0.694811 0.682922 0.117903 0.371005
0 0.690418 0.544354 0.0469353 0.0717234
1 0.261184 0.316718 0.0381055 0.123284
0 0.257631 0.270789 0.0210416 0.0374731
1 0.195779 0.601053 0.0174258 0.326796
1 0.694825 0.682953 0.117891 0.370985
0 0.690417 0.54435 0.0469662 0.0717664
1 0.261258 0.316889 0.0378949 0.12315
0 0.257645 0.270906 0.0210724 0.0374919
1 0.195788 0.600217 0.0174853 0.328744
1 0.694817 0.682877 0.117872 0.371056
1 0.261283 0.316794 0.0378218 0.122861
0 0.690416 0.544354 0.0469553 0.0717282
0 0.257647 0.270881 0.0210318 0.0373504
1 0.195803 0.601044 0.0173599 0.326753
1 0.695098 0.685959 0.119426 0.378827
1 0.261291 0.316853 0.0377114 0.122413
0 0.690339 0.54436 0.0470686 0.0722433
0 0.257645 0.27073 0.0209109 0.0371933
1 0.195928 0.594553 0.0179261 0.322464
1 0.694934 0.686356 0.119209 0.37914
1 0.261359 0.316814 0.0374735 0.122167
0 0.690336 0.544373 0.0470593 0.0722706
0 0.257669 0.270837 0.0209233 0.0372538
1 0.195763 0.595445 0.0159345 0.318476
1 0.694879 0.685782 0.119204 0.377751
1 0.262216 0.320699 0.0355554 0.126368
0 0.690365 0.544351 0.0469565 0.0720193
0 0.258401 0.27213 0.0205293 0.0370649
1 0.694981 0.685634 0.119402 0.37791
0 0.690349 0.544353 0.0470606 0.0721576
1 0.262432 0.320986 0.0344397 0.128751
0 0.258657 0.271845 0.0203177 0.0371689
1 0.694967 0.684644 0.119084 0.375647
0 0.690381 0.544352 0.0470143 0.0719604
1 0.262211 0.320023 0.0350873 0.127433
0 0.258635 0.271533 0.0203555 0.0373276
1 0.694992 0.684764 0.118815 0.37573
0 0.690363 0.544335 0.0470701 0.0720424
1 0.262347 0.320122 0.0346532 0.126259
0 0.258652 0.271758 0.0202228 0.0366901
1 0.694842 0.682959 0.117855 0.371054
0 0.690419 0.544345 0.0469781 0.0717464
1 0.261085 0.320785 0.0380969 0.132766
0 0.257786 0.27118 0.0213829 0.0390886
1 0.694809 0.682953 0.117884 0.370998
0 0.690419 0.544353 0.0469662 0.0717699
1 0.261641 0.320928 0.0371481 0.132441
0 0.257831 0.271497 0.0213014 0.0388467
1 0.694843 0.682942 0.11786 0.371021
0 0.690425 0.544351 0.0469481 0.0717141
1 0.261352 0.316961 0.037758 0.123097
0 0.257664 0.270925 0.0210364 0.0374069
1 0.195828 0.600406 0.0175867 0.330542
1 0.694938 0.686021 0.119258 0.378618
1 0.261349 0.316922 0.0375849 0.122555
0 0.69034 0.544378 0.047094 0.0722366
0 0.257669 0.271011 0.0210148 0.0374868
1 0.195772 0.601133 0.0169132 0.328209
1 0.694828 0.682931 0.117929 0.370948
0 0.690423 0.544361 0.0469351 0.0717408
1 0.261263 0.316893 0.0379856 0.123163
0 0.25765 0.270878 0.0210514 0.037468
1 0.195857 0.60028 0.0175135 0.328748
1 0.694819 0.682966 0.117929 0.370973
0 0.690419 0.544356 0.0469336 0.0717456
1 0.262373 0.320313 0.0345777 0.127073
0 0.258697 0.271923 0.0202966 0.0369114
1 0.694995 0.685235 0.119005 0.377053
1 0.261395 0.316826 0.0373358 0.122192
0 0.690354 0.544326 0.0470658 0.0720842
0 0.257667 0.270697 0.020887 0.0372241
1 0.694958 0.68598 0.11977 0.378809
1 0.261341 0.316801 0.0375055 0.122277
0 0.690336 0.544378 0.0471617 0.072266
0 0.257655 0.270799 0.0209562 0.0373602
1 0.694809 0.682974 0.117883 0.371
0 0.69042 0.544349 0.0469788 0.0717888
0 0.257834 0.271417 0.0212488 0.0386449
1 0.261527 0.321037 0.0373649 0.132473
1 0.694938 0.6862 0.11953 0.379182
1 0.262127 0.32085 0.0356001 0.126432
0 0.690332 0.54436 0.0471045 0.0723136
0 0.2584 0.272186 0.0205537 0.0372143
1 0.694844 0.682945 0.117858 0.37103
1 0.261333 0.316894 0.0377487 0.123018
0 0.690424 0.544354 0.0469593 0.0717475
0 0.257649 0.270922 0.0210893 0.0376037
1 0.195857 0.600113 0.0175147 0.330662
1 0.69497 0.685278 0.119026 0.377035
1 0.262143 0.32208 0.0359023 0.129676
0 0.690353 0.544359 0.0471041 0.0720964
0 0.258399 0.272227 0.0206315 0.0374034
1 0.694954 0.685926 0.119493 0.378566
1 0.261291 0.316826 0.0376868 0.12241
0 0.690343 0.54435 0.0470628 0.0722098
0 0.257661 0.270792 0.0209261 0.0373753
1 0.195934 0.594563 0.0179185 0.322198
1 0.694787 0.682985 0.117945 0.370959
0 0.690418 0.544368 0.0469441 0.0717776
0 0.257848 0.271422 0.0211687 0.0383528
1 0.261408 0.320953 0.0376259 0.131669
1 0.694804 0.682963 0.117968 0.370976
1 0.262204 0.320821 0.0358112 0.127198
0 0.690432 0.544393 0.046914 0.0717497
0 0.258408 0.272162 0.0205845 0.0371891
1 0.694815 0.682904 0.11787 0.371058
0 0.69042 0.544354 0.0469536 0.0717421
1 0.261244 0.316838 0.0381388 0.123419
0 0.257633 0.27087 0.0211014 0.0375223
1 0.195888 0.598959 0.0175551 0.333152
1 0.694832 0.682951 0.11788 0.371033
1 0.261223 0.316874 0.0381244 0.123307
0 0.690423 0.544355 0.0469595 0.0717456
0 0.257642 0.270913 0.0210995 0.0375936
1 0.195887 0.599089 0.0176181 0.332417
1 0.694818 0.682919 0.117927 0.370947
0 0.690417 0.544362 0.0469426 0.0717334
1 0.261271 0.31685 0.0379651 0.123044
0 0.257669 0.270917 0.0210233 0.0373364
1 0.195808 0.600172 0.0174238 0.328435
1 0.694822 0.68296 0.118015 0.370917
0 0.69043 0.544398 0.0469192 0.071748
1 0.261305 0.316804 0.0377019 0.122832
0 0.257677 0.270912 0.0210135 0.0374252
1 0.195728 0.600832 0.0169421 0.326691
1 0.69481 0.683012 0.117994 0.370908
0 0.690416 0.544398 0.0469515 0.0717847
1 0.261337 0.316854 0.03756 0.122805
0 0.25767 0.27091 0.0209969 0.0373398
1 0.694824 0.682899 0.117903 0.370918
0 0.690423 0.544368 0.0469145 0.0716866
1 0.261177 0.316856 0.0382154 0.123305
0 0.257658 0.270867 0.0210276 0.0374272
1 0.196005 0.599343 0.0175846 0.331081
1 0.694833 0.682904 0.117885 0.37094
0 0.690422 0.544355 0.0469431 0.0716854
1 0.261266 0.316947 0.037986 0.123271
0 0.25767 0.270992 0.0210984 0.0377252
1 0.195876 0.599958 0.0175284 0.331252
1 0.694811 0.682937 0.117978 0.370877
0 0.690416 0.544405 0.0469466 0.0717664
1 0.261293 0.316808 0.0378142 0.12307
0 0.25765 0.270861 0.0210233 0.037477
1 0.195603 0.601335 0.0168586 0.326493
1 0.69484 0.682957 0.117899 0.37086
0 0.690419 0.544377 0.0469422 0.0717046
1 0.261219 0.316776 0.037986 0.123152
0 0.257655 0.270855 0.021002 0.0373228
1 0.195846 0.601034 0.0173822 0.326015
1 0.694901 0.682998 0.118068 0.371228
0 0.690423 0.544412 0.0470686 0.0718413
1 0.31279 0.5223 0.0366195 0.117891
0 0.311172 0.483972 0.0204819 0.0389949
1 0.694968 0.685611 0.11968 0.377857
0 0.690356 0.544427 0.0472018 0.0721988
1 0.3127 0.521915 0.0368089 0.116753
0 0.311116 0.48404 0.0204118 0.0388443
1 0.694887 0.682984 0.118068 0.3711
0 0.690429 0.5444 0.0470438 0.0717821
0 0.311186 0.48422 0.0206025 0.0388416
1 0.312759 0.521613 0.0367828 0.115419
1 0.694881 0.68296 0.118066 0.371138
0 0.69043 0.544397 0.0470501 0.0717885
1 0.313038 0.528672 0.0380999 0.131244
0 0.312785 0.484396 0.0204658 0.0393574
1 0.695003 0.685628 0.119587 0.377816
0 0.690371 0.544418 0.0471526 0.0721892
0 0.31112 0.484275 0.0205337 0.0389916
1 0.312671 0.521364 0.0368154 0.114988
1 0.694884 0.682994 0.118113 0.371122
0 0.690433 0.544398 0.0470127 0.0717598
1 0.312795 0.522029 0.0368085 0.116511
0 0.311193 0.484176 0.02055 0.0388276
1 0.695006 0.685795 0.119982 0.378381
0 0.690355 0.544419 0.0471795 0.0722992
1 0.313016 0.529451 0.0379052 0.132693
0 0.312715 0.484366 0.0203438 0.0393185
1 0.694967 0.685981 0.119694 0.378662
0 0.690343 0.544434 0.0472106 0.0723114
1 0.312718 0.521613 0.0369249 0.115553
0 0.311136 0.484229 0.0204752 0.038883
1 0.694941 0.684923 0.119676 0.376224
0 0.690373 0.544405 0.0471669 0.0720979
1 0.313071 0.527188 0.0371353 0.129509
0 0.313016 0.483846 0.0202792 0.0393767
1 0.694884 0.682979 0.118062 0.371135
0 0.690427 0.544409 0.0470593 0.07183
1 0.312971 0.523547 0.0345714 0.121419
0 0.313124 0.483777 0.0202662 0.0393649
1 0.694893 0.685506 0.119536 0.377541
0 0.690353 0.544409 0.047196 0.0722491
1 0.313533 0.529352 0.0375516 0.132436
0 0.311251 0.48445 0.0201579 0.0404471
1 0.695017 0.686332 0.119806 0.379547
0 0.690354 0.544415 0.0471191 0.0722786
1 0.312662 0.521469 0.0369531 0.115174
0 0.311125 0.484142 0.0204854 0.038669
1 0.685316 0.694004 0.109462 0.36233
1 0.316531 0.544813 0.0336408 0.121381
0 0.681189 0.554585 0.0428361 0.0694136
0 0.316661 0.49819 0.0188521 0.0356362
1 0.580343 0.77501 0.0744272 0.230239
0 0.576971 0.692654 0.0294932 0.0526845
1 0.519424 0.829606 0.0525652 0.166711
0 0.516773 0.770204 0.0226201 0.0428022
1 0.673453 0.705082 0.105214 0.343642
0 0.668581 0.572162 0.0427809 0.0641507
1 0.695381 0.684494 0.120194 0.377758
0 0.69057 0.544624 0.0470337 0.0725582
1 0.695378 0.684488 0.120186 0.377757
0 0.690569 0.544625 0.0470345 0.0725566
1 0.695379 0.684511 0.12018 0.377766
0 0.690568 0.544628 0.0470356 0.0725551
1 0.695396 0.684527 0.120271 0.377819
0 0.690566 0.544631 0.0470564 0.0725657
1 0.695388 0.684521 0.120261 0.377786
0 0.690567 0.54463 0.0470457 0.0725652
1 0.695388 0.684505 0.120239 0.377781
0 0.69057 0.544629 0.047044 0.0725651
1 0.695347 0.684972 0.119959 0.379278
0 0.690546 0.544568 0.0470984 0.0725579
1 0.695322 0.685096 0.11964 0.379702
0 0.690545 0.544516 0.0470344 0.0724525
1 0.695253 0.685123 0.118985 0.379653
0 0.690524 0.544503 0.0469491 0.0724396
1 0.331278 0.644131 0.0256176 0.0933038
0 0.329563 0.609106 0.0121977 0.024833
1 0.695569 0.685194 0.118517 0.379508
0 0.690571 0.544539 0.0468071 0.0722394
1 0.314214 0.535567 0.0381517 0.136024
0 0.309109 0.48395 0.0188025 0.0401619
0 0.315154 0.4844 0.018836 0.0409445
1 0.69559 0.685121 0.118373 0.379807
0 0.690583 0.54446 0.0468259 0.0720826
1 0.31156 0.525463 0.0362745 0.128727
0 0.309295 0.48195 0.018966 0.0375621
1 0.6956 0.685139 0.118342 0.379775
0 0.690582 0.54447 0.0468187 0.0720873
1 0.311275 0.525878 0.036411 0.127859
0 0.309486 0.482985 0.0192198 0.039172
1 0.695583 0.685106 0.118405 0.379781
1 0.312025 0.527076 0.0355921 0.124838
0 0.690585 0.544461 0.0468357 0.0720978
0 0.309014 0.482837 0.0191093 0.038164
1 0.695584 0.685112 0.118395 0.3798
1 0.312011 0.527046 0.0355973 0.124902
0 0.690583 0.544463 0.0468328 0.0720903
0 0.309006 0.482816 0.0191105 0.0381366
1 0.695584 0.685112 0.118399 0.379785
1 0.312022 0.52719 0.0356482 0.12519
0 0.690584 0.544461 0.0468362 0.0720957
0 0.309016 0.482822 0.0190944 0.0381357
1 0.695586 0.685119 0.1184 0.379776
1 0.312019 0.527053 0.0355907 0.124939
0 0.690585 0.544462 0.046835 0.0720993
0 0.309015 0.482798 0.019104 0.0381022
1 0.695586 0.685115 0.118412 0.379786
1 0.312022 0.527068 0.0355883 0.124952
0 0.690585 0.544464 0.0468353 0.0720966
0 0.309013 0.482811 0.019108 0.038122
1 0.695586 0.685114 0.118413 0.379787
1 0.312018 0.52707 0.035618 0.124964
0 0.690584 0.544464 0.0468361 0.0720971
0 0.309016 0.482822 0.0191128 0.0381488
1 0.695585 0.685115 0.118411 0.379784
1 0.312023 0.527068 0.0355793 0.124953
0 0.690584 0.544462 0.0468359 0.0720983
0 0.309013 0.48281 0.0191093 0.03813
1 0.695585 0.685116 0.118408 0.379783
1 0.312022 0.52707 0.0355849 0.124956
0 0.690585 0.544463 0.0468345 0.0720956
0 0.309013 0.482816 0.0191085 0.0381371
1 0.695586 0.685117 0.118407 0.379784
1 0.312023 0.527067 0.0355832 0.124954
0 0.690586 0.544463 0.0468336 0.0720965
0 0.309013 0.482814 0.0191111 0.038137
1 0.695584 0.685118 0.11841 0.37979
1 0.312023 0.52707 0.0355841 0.124945
0 0.690585 0.544463 0.0468357 0.0720979
0 0.309014 0.482816 0.0191095 0.0381376
1 0.695586 0.685117 0.118407 0.379784
1 0.312023 0.527067 0.0355832 0.124954
0 0.690586 0.544463 0.0468336 0.0720965
0 0.309013 0.482814 0.0191111 0.038137
1 0.695584 0.685118 0.11841 0.37979
1 0.312023 0.52707 0.0355841 0.124945
0 0.690585 0.544463 0.0468357 0.0720979
0 0.309014 0.482816 0.0191095 0.0381376
1 0.695586 0.685117 0.118407 0.379784
1 0.312023 0.527067 0.0355832 0.124954
0 0.690586 0.544463 0.0468336 0.0720965
0 0.309013 0.482814 0.0191111 0.038137
1 0.695584 0.685118 0.11841 0.37979
1 0.312023 0.52707 0.0355841 0.124945
0 0.690585 0.544463 0.0468357 0.0720979
0 0.309014 0.482816 0.0191095 0.0381376
1 0.695586 0.685117 0.118407 0.379784
1 0.312023 0.527067 0.0355832 0.124954
0 0.690586 0.544463 0.0468336 0.0720965
0 0.309013 0.482814 0.0191111 0.038137
1 0.695584 0.685118 0.11841 0.37979
1 0.312023 0.52707 0.0355841 0.124945
0 0.690585 0.544463 0.0468357 0.0720979
0 0.309014 0.482816 0.0191095 0.0381376
1 0.695586 0.685117 0.118407 0.379784
1 0.312023 0.527067 0.0355832 0.124954
0 0.690586 0.544463 0.0468336 0.0720965
0 0.309013 0.482814 0.0191111 0.038137
1 0.695584 0.685118 0.11841 0.37979
1 0.312023 0.52707 0.0355841 0.124945
0 0.690585 0.544463 0.0468357 0.0720979
0 0.309014 0.482816 0.0191095 0.0381376
1 0.695586 0.685117 0.118407 0.379784
1 0.312023 0.527067 0.0355832 0.124954
0 0.690586 0.544463 0.0468336 0.0720965
0 0.309013 0.482814 0.0191111 0.038137
1 0.695584 0.685118 0.11841 0.37979
1 0.312023 0.52707 0.0355841 0.124945
0 0.690585 0.544463 0.0468357 0.0720979
0 0.309014 0.482816 0.0191095 0.0381376
1 0.695586 0.685117 0.118407 0.379784
1 0.312023 0.527067 0.0355832 0.124954
0 0.690586 0.544463 0.0468336 0.0720965
0 0.309013 0.482814 0.0191111 0.038137
1 0.695584 0.685118 0.11841 0.37979
1 0.312023 0.52707 0.0355841 0.124945
0 0.690585 0.544463 0.0468357 0.0720979
0 0.309014 0.482816 0.0191095 0.0381376
1 0.695585 0.685119 0.11839 0.379776
1 0.312022 0.527067 0.0355852 0.124958
0 0.690585 0.544462 0.0468343 0.0720948
0 0.309011 0.482812 0.019111 0.0381276
1 0.695583 0.685125 0.118385 0.379782
1 0.312024 0.52707 0.0355791 0.124928
0 0.690585 0.544464 0.0468319 0.0720924
0 0.309014 0.482821 0.0191038 0.0381305
1 0.695582 0.685127 0.118387 0.379787
1 0.312024 0.52707 0.035573 0.124928
0 0.690584 0.544467 0.0468315 0.0720912
0 0.309014 0.482819 0.0191062 0.038131
1 0.695581 0.685108 0.11839 0.379784
1 0.312028 0.52707 0.0355659 0.124925
0 0.690586 0.544464 0.0468328 0.0720918
0 0.309016 0.482829 0.0191069 0.038153
1 0.695581 0.685108 0.118396 0.379773
1 0.312029 0.527072 0.035562 0.124925
0 0.690587 0.544463 0.0468316 0.0720957
0 0.309015 0.482825 0.0191068 0.0381456
1 0.695586 0.685115 0.118407 0.379785
1 0.312024 0.527189 0.035652 0.125178
0 0.690585 0.544465 0.0468326 0.0721003
0 0.309015 0.482826 0.0190986 0.0381605
1 0.695585 0.685118 0.118411 0.379778
1 0.312025 0.527173 0.0356472 0.125152
0 0.690585 0.544462 0.0468321 0.072093
0 0.309016 0.482821 0.0190981 0.0381475
1 0.695583 0.685119 0.118388 0.379783
1 0.312027 0.527064 0.0355843 0.124937
0 0.690584 0.544464 0.046827 0.0720991
0 0.309018 0.482808 0.0191026 0.038126
1 0.695583 0.68512 0.118387 0.37978
1 0.312028 0.527056 0.035573 0.124912
0 0.690583 0.544463 0.0468243 0.0720945
0 0.309016 0.482805 0.0190974 0.0380921
1 0.695581 0.68512 0.118387 0.379772
1 0.312026 0.52706 0.0355923 0.124935
0 0.690584 0.544464 0.0468279 0.072092
0 0.309016 0.482812 0.0191016 0.0381246
1 0.695583 0.68512 0.118389 0.379783
1 0.31202 0.527063 0.035627 0.124943
0 0.690583 0.544465 0.0468252 0.0720986
0 0.309017 0.482819 0.0191151 0.0381515
1 0.695582 0.685121 0.118397 0.379772
1 0.312027 0.527045 0.0355816 0.124913
0 0.690585 0.544464 0.0468286 0.0720977
0 0.309014 0.482812 0.0191105 0.0381305
1 0.695585 0.685119 0.118404 0.37978
1 0.312025 0.527046 0.0355823 0.124912
0 0.690585 0.544461 0.0468259 0.0720953
0 0.309014 0.482812 0.0191103 0.0381298
1 0.69559 0.685124 0.118371 0.37979
1 0.312073 0.527093 0.0355779 0.125157
0 0.690586 0.544447 0.0468253 0.0720586
0 0.30902 0.482809 0.0191476 0.0381635
1 0.310428 0.524992 0.041447 0.125579
0 0.309229 0.482378 0.020038 0.0385256
1 0.0125835 0.636882 0.0236666 0.40146
1 0.310118 0.524066 0.0421616 0.125142
0 0.309261 0.482772 0.0200642 0.0391058
