1 0.42946 0.667428 0.0985573 0.355337
1 0.537857 0.599834 0.0453962 0.136102
0 0.422572 0.535076 0.0425184 0.0691709
0 0.534554 0.548552 0.0181604 0.0289028
1 0.429466 0.667946 0.0935464 0.338133
1 0.229799 0.427513 0.0342689 0.120879
1 0.537843 0.599282 0.0451899 0.13528
0 0.427597 0.539083 0.0383787 0.0618935
0 0.53453 0.54835 0.0184185 0.0288712
0 0.226207 0.379105 0.0146612 0.0267004
1 0.429501 0.668197 0.0935765 0.338269
1 0.229541 0.423115 0.0318066 0.116492
1 0.537845 0.599289 0.0451832 0.135314
0 0.427582 0.539073 0.0384624 0.0619907
0 0.534534 0.548361 0.0184119 0.0288844
0 0.226397 0.377006 0.0139315 0.0237892
0 0.223526 0.375484 0.0132942 0.0284704
1 0.429503 0.668193 0.093574 0.338252
1 0.229535 0.422852 0.0315804 0.116421
1 0.537844 0.599286 0.0451809 0.135311
0 0.427581 0.539075 0.0384609 0.0619959
0 0.534534 0.548359 0.0184129 0.0288867
0 0.22646 0.376864 0.0138239 0.0232014
0 0.223592 0.375351 0.0132793 0.0282228
1 0.429502 0.668182 0.0935724 0.338243
1 0.229527 0.422849 0.0315786 0.11639
1 0.537839 0.599281 0.0451859 0.135309
0 0.427582 0.539075 0.0384584 0.0619982
0 0.534532 0.54836 0.0184156 0.0288871
0 0.226475 0.376856 0.0138276 0.0232132
0 0.223613 0.375362 0.0133063 0.0282633
1 0.429501 0.66819 0.0935681 0.33822
1 0.229532 0.422849 0.0315804 0.116378
1 0.537841 0.599284 0.0451817 0.135309
0 0.427582 0.539073 0.0384615 0.0619951
0 0.534533 0.548359 0.0184134 0.0288879
0 0.226473 0.376859 0.0138276 0.0232141
0 0.223609 0.375357 0.0133037 0.0282458
1 0.429503 0.668156 0.0935733 0.338206
1 0.229533 0.422855 0.0315859 0.116375
1 0.537832 0.599254 0.0452022 0.135219
0 0.42758 0.539078 0.0384572 0.0619879
0 0.534531 0.548338 0.0184129 0.0288427
0 0.226471 0.376854 0.0138311 0.0232064
0 0.223607 0.375357 0.0133034 0.0282417
1 0.429497 0.668161 0.0935563 0.338321
1 0.229544 0.422817 0.0315443 0.116361
1 0.537833 0.599277 0.045125 0.135274
0 0.427579 0.539072 0.0385228 0.0621016
0 0.534534 0.548364 0.0184075 0.0288956
0 0.226468 0.376852 0.0138231 0.0231844
0 0.223605 0.375327 0.0132987 0.0282046
1 0.429488 0.668207 0.0935599 0.33862
1 0.229552 0.422851 0.0315581 0.116393
1 0.537841 0.599332 0.0450897 0.135256
0 0.427595 0.539065 0.0385923 0.0620943
0 0.534543 0.548383 0.0183545 0.0288444
0 0.226484 0.376866 0.0138229 0.0231641
0 0.223625 0.375365 0.0132918 0.0282297
1 0.429485 0.668204 0.0935484 0.338632
1 0.229563 0.422882 0.0315085 0.116279
1 0.537839 0.599331 0.0451056 0.135264
0 0.427594 0.539074 0.038592 0.0620796
0 0.534543 0.548386 0.018358 0.0288556
0 0.226603 0.376992 0.0137954 0.0227667
0 0.223675 0.375634 0.0133097 0.0280943
1 0.429485 0.668199 0.0935474 0.338639
1 0.229558 0.422875 0.0315213 0.116311
1 0.537838 0.599337 0.0451048 0.135263
0 0.427594 0.539074 0.038593 0.0620841
0 0.534543 0.548383 0.0183605 0.0288476
0 0.226609 0.377002 0.0138022 0.0227528
0 0.223676 0.375652 0.0133193 0.0280863
1 0.42956 0.668384 0.0935589 0.338906
1 0.229566 0.422866 0.0315553 0.116335
1 0.537902 0.599364 0.0451212 0.135282
0 0.427596 0.539023 0.0385048 0.0619896
0 0.534542 0.548406 0.0183514 0.0288254
0 0.226606 0.376993 0.0138085 0.0228064
0 0.22367 0.375638 0.013326 0.0281153
1 0.429556 0.668325 0.0935517 0.338828
1 0.229736 0.422687 0.0312797 0.116335
1 0.537901 0.599363 0.0451226 0.135277
0 0.427601 0.539024 0.0384851 0.061983
0 0.53454 0.548408 0.0183607 0.0288302
0 0.226646 0.376943 0.0137758 0.0226878
0 0.223675 0.375555 0.0133282 0.0280562
1 0.429491 0.668128 0.0935482 0.33853
1 0.229731 0.422689 0.0312346 0.11634
1 0.53784 0.599326 0.0451057 0.135251
0 0.427598 0.539067 0.0385832 0.0620763
0 0.534543 0.548385 0.0183682 0.028867
0 0.226645 0.376938 0.0137646 0.0226397
0 0.223684 0.375556 0.0133223 0.0280461
1 0.429565 0.668349 0.093548 0.338851
1 0.229564 0.422844 0.0315557 0.116354
1 0.537906 0.599353 0.0451179 0.135275
0 0.427598 0.539015 0.0385099 0.0620076
0 0.53454 0.548407 0.0183663 0.0288524
0 0.226583 0.376957 0.0138147 0.0228682
0 0.223666 0.375577 0.013324 0.0281409
1 0.429568 0.668281 0.0935423 0.338755
1 0.22973 0.422668 0.0312929 0.116367
1 0.537907 0.599347 0.0451241 0.135269
0 0.427599 0.539014 0.0384862 0.0619853
0 0.534539 0.548403 0.0183767 0.0288553
0 0.226608 0.376893 0.0137817 0.0227962
0 0.223669 0.375459 0.0133296 0.0280962
1 0.429498 0.668111 0.0935455 0.338449
1 0.229725 0.422676 0.0312586 0.116375
1 0.537845 0.59931 0.0451166 0.135262
0 0.427593 0.539061 0.0385707 0.0620663
0 0.53454 0.548382 0.0183859 0.0288925
0 0.226594 0.37687 0.0137752 0.0227662
0 0.223672 0.37543 0.0133154 0.0280795
