1 0.604517 0.772298 0.10198 0.37012
1 0.712755 0.699311 0.0410055 0.137354
0 0.5977 0.631315 0.0435089 0.0698059
0 0.709901 0.646451 0.0163353 0.025338
1 0.604621 0.772553 0.102096 0.369647
1 0.712707 0.699454 0.0411562 0.137638
1 0.232542 0.344673 0.0315417 0.109632
0 0.597809 0.631406 0.0433581 0.0706552
0 0.7099 0.646615 0.0163507 0.0256788
0 0.231769 0.302922 0.0153456 0.0263591
1 0.604698 0.772355 0.10214 0.369164
1 0.712735 0.699455 0.0411235 0.137478
1 0.232515 0.344712 0.0316824 0.109478
0 0.597767 0.631467 0.0432938 0.0703779
0 0.709901 0.646596 0.0163326 0.0255876
0 0.231818 0.30305 0.0151407 0.0266518
1 0.604589 0.772733 0.102165 0.369506
1 0.712739 0.699385 0.0411444 0.137557
1 0.232374 0.34483 0.0322 0.109803
0 0.597803 0.631411 0.0431374 0.0703509
0 0.709902 0.646558 0.0163626 0.0256385
0 0.231762 0.303294 0.0154332 0.0273544
1 0.604624 0.772548 0.102212 0.369422
1 0.712735 0.699355 0.041137 0.137585
1 0.232435 0.344819 0.0313973 0.109275
0 0.59782 0.631376 0.0431683 0.0704056
0 0.709896 0.646537 0.016383 0.0256606
0 0.231915 0.303319 0.0151792 0.0269968
1 0.604676 0.772726 0.101993 0.369383
1 0.712746 0.699369 0.0411196 0.13757
1 0.232466 0.344944 0.0315606 0.109472
0 0.597812 0.631425 0.0430889 0.0702888
0 0.231956 0.303377 0.0151754 0.0270077
0 0.709899 0.646548 0.0163774 0.025668
1 0.604623 0.772736 0.102119 0.369611
1 0.712741 0.699349 0.0411513 0.137558
1 0.232363 0.344773 0.0317113 0.109226
0 0.597831 0.631397 0.0431671 0.070582
0 0.709896 0.646561 0.0163904 0.0257031
0 0.231877 0.303405 0.0152107 0.0271123
1 0.60462 0.772919 0.101985 0.369561
1 0.712747 0.699337 0.0411508 0.137491
1 0.231931 0.344602 0.030265 0.10947
0 0.597796 0.631552 0.0431742 0.0705152
0 0.709895 0.646574 0.0163967 0.0257081
0 0.231779 0.303422 0.0152885 0.0267847
1 0.604665 0.772734 0.102042 0.369494
1 0.712745 0.699341 0.041133 0.13759
1 0.231997 0.34448 0.0301206 0.109656
0 0.597815 0.631436 0.0431258 0.0703522
0 0.709896 0.646536 0.0163875 0.0256576
0 0.231934 0.303166 0.0150092 0.0263977
1 0.604688 0.772428 0.102026 0.369518
1 0.712737 0.699368 0.0411415 0.137589
1 0.232445 0.344685 0.0310393 0.109369
0 0.597799 0.631255 0.0432402 0.0704668
0 0.709892 0.646524 0.0163825 0.0255889
0 0.231619 0.303277 0.0152713 0.0272075
1 0.604578 0.772545 0.102235 0.369742
1 0.712743 0.699345 0.0411578 0.137534
1 0.232377 0.344796 0.0309196 0.109333
0 0.597786 0.631404 0.0432422 0.0706475
0 0.709895 0.646553 0.016391 0.0256452
0 0.23188 0.303321 0.0152509 0.0271452
1 0.604657 0.772535 0.102072 0.369578
1 0.712735 0.69938 0.0411507 0.13758
1 0.23207 0.344421 0.0298745 0.110067
0 0.597792 0.631329 0.0432863 0.0704796
0 0.709893 0.646546 0.0163826 0.0256413
0 0.231925 0.303151 0.0149659 0.0267149
1 0.604699 0.772382 0.102013 0.369608
1 0.712712 0.699444 0.0412022 0.137693
1 0.232502 0.344713 0.0308493 0.10956
0 0.597777 0.631213 0.0433554 0.0706223
0 0.709899 0.646563 0.0163755 0.0256181
0 0.231681 0.303175 0.0152699 0.0272321
1 0.604735 0.772283 0.102052 0.369532
1 0.712716 0.699433 0.0411878 0.137715
1 0.232597 0.34447 0.0312158 0.109187
0 0.597792 0.631214 0.043282 0.0706277
0 0.709897 0.646559 0.0163756 0.0256295
0 0.231697 0.303108 0.0153153 0.0271087
1 0.604699 0.772206 0.102089 0.369601
1 0.71272 0.699427 0.0411888 0.137705
1 0.232601 0.344741 0.0312716 0.109749
0 0.597795 0.631188 0.0433167 0.070616
0 0.709891 0.646557 0.0163799 0.0256221
0 0.231844 0.303033 0.0151825 0.0269405
1 0.604762 0.772439 0.101982 0.369437
1 0.712722 0.699408 0.0411942 0.137701
1 0.232564 0.344703 0.0311043 0.109447
0 0.597789 0.631248 0.0432637 0.0705377
0 0.709891 0.646546 0.016379 0.0255721
0 0.231821 0.303197 0.0152675 0.0272013
1 0.604719 0.772431 0.102038 0.369605
1 0.712714 0.699435 0.0411888 0.137649
1 0.232186 0.344466 0.0301605 0.110385
0 0.597792 0.631229 0.0433275 0.070583
0 0.709892 0.646581 0.016361 0.0255747
0 0.231782 0.30313 0.0153197 0.0272332
1 0.604743 0.772395 0.101958 0.369531
1 0.712729 0.699398 0.041177 0.137643
1 0.232277 0.344366 0.0296169 0.109973
0 0.597797 0.631275 0.0432524 0.0704994
0 0.709892 0.646563 0.0163792 0.0256158
0 0.231782 0.303045 0.0151141 0.0267984
1 0.232501 0.344596 0.0311036 0.109165
0 0.231764 0.303375 0.0154986 0.0273482
