1 0.429563 0.66735 0.0985174 0.354817
1 0.537867 0.599889 0.0455421 0.136287
0 0.422587 0.536039 0.0435805 0.0691197
0 0.534569 0.548535 0.0182385 0.0289521
1 0.429197 0.665538 0.0944153 0.343023
1 0.215755 0.394756 0.0327781 0.114595
1 0.537802 0.599772 0.045698 0.136338
0 0.422888 0.537243 0.0445393 0.0670556
0 0.534527 0.548429 0.0181884 0.0286315
0 0.214071 0.351627 0.0150818 0.0274502
0 0.212056 0.351281 0.015951 0.0308599
1 0.429307 0.66683 0.0943613 0.344626
1 0.216203 0.392344 0.0311821 0.1127
1 0.537785 0.599884 0.0455959 0.136628
0 0.422819 0.537315 0.0451268 0.0681063
0 0.534515 0.548447 0.0182129 0.0287246
0 0.215241 0.350627 0.013916 0.0264944
1 0.429088 0.667145 0.0945206 0.345229
1 0.216576 0.391939 0.0313832 0.111921
1 0.537765 0.599848 0.0457392 0.136536
0 0.42297 0.537529 0.044661 0.0680209
0 0.534512 0.548458 0.0182163 0.0287431
0 0.215413 0.350716 0.014032 0.026328
1 0.429095 0.66717 0.0945362 0.345507
1 0.216516 0.391868 0.0313465 0.111094
1 0.537781 0.599835 0.0457317 0.136535
0 0.422971 0.537331 0.0446352 0.0678156
0 0.534509 0.548435 0.0182217 0.0287369
0 0.215403 0.35088 0.0139698 0.0261744
1 0.429102 0.667204 0.0945426 0.34555
1 0.21648 0.391767 0.0313304 0.110971
1 0.537779 0.599837 0.0457212 0.136519
0 0.422968 0.537325 0.0446537 0.0677935
0 0.53451 0.548434 0.0182214 0.0287353
0 0.215285 0.350906 0.014107 0.026457
1 0.429104 0.667188 0.0945434 0.345536
1 0.216477 0.391784 0.0313354 0.110926
1 0.537776 0.599835 0.0457247 0.136506
0 0.422969 0.537319 0.0446651 0.0677951
0 0.534511 0.548433 0.0182171 0.0287322
0 0.215296 0.350923 0.0140921 0.026428
1 0.429105 0.667187 0.0945461 0.345542
1 0.216476 0.391788 0.0313244 0.110909
1 0.537775 0.599832 0.0457258 0.136495
0 0.422969 0.537312 0.0446743 0.0678062
0 0.53451 0.548431 0.01822 0.0287314
0 0.215298 0.350921 0.0140861 0.0264226
1 0.42911 0.667185 0.0945544 0.345507
1 0.216475 0.391777 0.0313216 0.110886
1 0.537777 0.599829 0.0457251 0.136491
0 0.422966 0.537315 0.044667 0.0678093
0 0.534511 0.548434 0.018224 0.0287324
0 0.215298 0.350921 0.014083 0.0264062
1 0.429106 0.667182 0.0945622 0.345529
1 0.21648 0.39178 0.0313345 0.110899
1 0.537773 0.599831 0.0457232 0.136499
0 0.422967 0.537325 0.0446656 0.0678028
0 0.53451 0.548432 0.0182157 0.0287295
0 0.215297 0.350924 0.0140876 0.026424
1 0.216336 0.39307 0.0306733 0.111819
0 0.215509 0.351362 0.014423 0.0270458
