1 0.572378 0.686184 0.0965445 0.357157
0 0.566461 0.550896 0.0450312 0.0706181
1 0.680031 0.615831 0.0458822 0.137134
0 0.678742 0.563988 0.017411 0.0282618
1 0.57234 0.686291 0.0965408 0.357761
1 0.304247 0.487765 0.0356782 0.123103
1 0.680023 0.615814 0.0456749 0.136884
0 0.566327 0.550576 0.044734 0.0695778
0 0.30204 0.441765 0.0160658 0.0307396
0 0.678732 0.563938 0.0173459 0.0281216
1 0.572416 0.68654 0.0963888 0.358294
1 0.304093 0.488572 0.0345787 0.123851
1 0.680031 0.61579 0.0456609 0.136818
0 0.566317 0.550573 0.0445166 0.0694975
0 0.678731 0.56393 0.0173546 0.0281359
0 0.301633 0.441733 0.015716 0.030424
1 0.572333 0.68689 0.0964292 0.358821
1 0.303794 0.487059 0.0348063 0.119987
0 0.566337 0.550778 0.0446456 0.06993
1 0.680002 0.615756 0.045736 0.136866
0 0.301856 0.441497 0.0158088 0.0301278
0 0.678731 0.563931 0.0173472 0.0281199
1 0.430639 0.855423 0.0245727 0.069375
1 0.572298 0.68703 0.0964168 0.35895
1 0.30359 0.487422 0.0345892 0.120237
0 0.566332 0.550804 0.0446596 0.0699652
1 0.680002 0.615741 0.0457584 0.136859
0 0.301769 0.441507 0.0156038 0.0298887
0 0.67873 0.563926 0.0173665 0.0281364
1 0.430438 0.857199 0.0257973 0.0642274
1 0.572297 0.687327 0.0962241 0.359204
1 0.303577 0.489049 0.0347577 0.121906
0 0.566336 0.550867 0.0446059 0.0699636
1 0.679999 0.615789 0.0457147 0.136836
0 0.678732 0.563957 0.0173449 0.0281232
0 0.301698 0.441735 0.0155633 0.0300394
1 0.430741 0.854873 0.0232939 0.0702695
1 0.572308 0.687616 0.0960972 0.359607
1 0.303553 0.488808 0.0346475 0.121802
0 0.566343 0.550971 0.0446259 0.0701221
1 0.680015 0.615803 0.0457503 0.136777
0 0.678733 0.563985 0.0173626 0.0281553
0 0.30173 0.441647 0.0155736 0.0297568
1 0.430637 0.860633 0.0263283 0.065945
1 0.572056 0.68741 0.10006 0.360738
1 0.303454 0.487854 0.0347001 0.120275
0 0.566342 0.550721 0.0447739 0.0698319
1 0.68003 0.61582 0.0456863 0.13692
0 0.30177 0.441348 0.0155748 0.0296745
0 0.678719 0.56395 0.0173525 0.0281384
1 0.429184 0.835998 0.0232711 0.0897284
1 0.571995 0.687402 0.0999502 0.360817
1 0.303797 0.487709 0.0344908 0.1208
0 0.566311 0.550749 0.0448506 0.0698377
1 0.680028 0.615858 0.0456875 0.136968
0 0.678702 0.563943 0.0173576 0.0281608
0 0.301776 0.441337 0.0156335 0.0297294
1 0.429516 0.839183 0.024193 0.0855753
1 0.571964 0.687756 0.0998373 0.361436
1 0.304143 0.487634 0.0341266 0.120532
0 0.566329 0.550754 0.0448339 0.0699143
1 0.680024 0.615894 0.0456448 0.137054
0 0.301815 0.441402 0.0156686 0.0299071
0 0.678687 0.563961 0.0173534 0.0281994
1 0.571993 0.68761 0.099729 0.361188
1 0.30405 0.487726 0.0343854 0.121651
0 0.566312 0.550721 0.0447804 0.0698022
1 0.680026 0.615895 0.0456484 0.137042
0 0.301874 0.441321 0.0157379 0.0299683
0 0.678683 0.563961 0.017353 0.0282014
1 0.571939 0.687974 0.099777 0.36157
1 0.30409 0.488699 0.0345295 0.1226
0 0.566313 0.550789 0.0448225 0.0700123
1 0.680026 0.615904 0.0456837 0.137062
0 0.301781 0.441725 0.0158075 0.0305623
0 0.678683 0.563972 0.0173511 0.0282121
1 0.429708 0.844808 0.022413 0.0711446
1 0.571911 0.687842 0.0998061 0.361473
1 0.30385 0.486594 0.0339562 0.119386
0 0.566303 0.550758 0.0447287 0.0699592
1 0.68002 0.615884 0.0456953 0.137067
0 0.301779 0.44164 0.0157362 0.0303567
0 0.678679 0.563961 0.0173657 0.0282163
1 0.571974 0.687684 0.0996977 0.361286
1 0.30389 0.488236 0.0343976 0.12152
0 0.566309 0.550748 0.0447964 0.0698893
1 0.680022 0.615893 0.0456512 0.137032
0 0.301845 0.441462 0.0156622 0.030067
0 0.678685 0.563964 0.0173532 0.0281963
1 0.429563 0.840412 0.0241514 0.0843749
1 0.57194 0.68789 0.0998171 0.361481
1 0.304113 0.488721 0.03453 0.122386
0 0.566321 0.550796 0.0448158 0.0700397
1 0.680021 0.615888 0.0456833 0.137069
0 0.301755 0.441735 0.0157456 0.0305175
0 0.678684 0.563972 0.0173593 0.028216
1 0.571953 0.687813 0.0998448 0.361493
1 0.303909 0.487847 0.0342702 0.120643
0 0.566323 0.550745 0.0447971 0.0698784
1 0.680022 0.615896 0.0456633 0.137063
0 0.301827 0.441457 0.0156908 0.0299626
0 0.678683 0.56396 0.0173532 0.0282021
1 0.571934 0.687383 0.100096 0.361171
0 0.566375 0.550748 0.0445126 0.0699022
1 0.680011 0.615878 0.0456328 0.137064
1 0.308285 0.517071 0.0313841 0.104414
0 0.678671 0.563955 0.0173511 0.0282163
0 0.306939 0.476405 0.0150136 0.0254523
1 0.430215 0.849119 0.0245492 0.0655952
1 0.572033 0.687633 0.0998795 0.361021
0 0.566446 0.550726 0.0448038 0.0702757
1 0.680029 0.615888 0.045839 0.137284
1 0.42799 0.598414 0.0209279 0.0575377
0 0.678692 0.56404 0.0174246 0.0283809
0 0.428271 0.583085 0.0122147 0.0253341
1 0.572479 0.687818 0.0957571 0.359506
0 0.566515 0.551254 0.0447872 0.0710143
1 0.680044 0.615983 0.0457377 0.137171
0 0.678697 0.564101 0.0173986 0.0283778
1 0.572356 0.687065 0.0965115 0.358829
0 0.566443 0.55082 0.0449192 0.0705291
1 0.680033 0.615893 0.0458378 0.137205
0 0.678711 0.564056 0.0174051 0.028346
1 0.427983 0.599489 0.0231664 0.0657061
1 0.572432 0.686729 0.0963722 0.358161
0 0.566465 0.55085 0.0449421 0.0706252
1 0.680032 0.615886 0.045821 0.137244
0 0.678713 0.564026 0.0173971 0.0283169
1 0.572429 0.686803 0.0964641 0.358328
0 0.56645 0.550801 0.0449202 0.0705064
1 0.680039 0.615883 0.0458404 0.137213
0 0.678714 0.56404 0.0174123 0.0283348
1 0.427669 0.607813 0.0191471 0.0842392
0 0.428754 0.580941 0.0117004 0.0255645
1 0.572394 0.687979 0.0958094 0.359744
0 0.566476 0.551275 0.0447857 0.0709016
1 0.680049 0.615918 0.0457341 0.137073
0 0.678711 0.564077 0.017406 0.0283481
1 0.572379 0.68698 0.0964097 0.358657
0 0.566433 0.550894 0.0448958 0.0705474
1 0.680037 0.615885 0.0458233 0.137175
0 0.678714 0.564043 0.0173978 0.0283149
1 0.572466 0.686658 0.0962945 0.358032
0 0.566481 0.550857 0.0449188 0.070655
1 0.680031 0.615887 0.0458136 0.137245
0 0.678713 0.564029 0.0173977 0.0283231
1 0.572403 0.686899 0.0964214 0.358553
0 0.566445 0.550897 0.0450368 0.0707218
1 0.680024 0.615882 0.0458141 0.137235
0 0.678716 0.56403 0.0173953 0.0283149
1 0.572421 0.686777 0.0964188 0.358351
0 0.566454 0.550855 0.0449768 0.0705999
1 0.680024 0.615857 0.0457995 0.137215
0 0.678716 0.564015 0.0174074 0.0283214
1 0.572388 0.686882 0.0964304 0.358445
0 0.566463 0.550898 0.0450007 0.0706472
1 0.680033 0.615872 0.0458092 0.137232
0 0.678714 0.564038 0.0174183 0.028344
1 0.572383 0.686764 0.0964781 0.358246
0 0.566454 0.550847 0.0449887 0.0706133
1 0.680031 0.615861 0.0458001 0.137231
0 0.678712 0.564032 0.017412 0.0283501
1 0.57243 0.686744 0.096384 0.358369
0 0.566459 0.550844 0.0450371 0.0705436
1 0.680042 0.61587 0.0457838 0.137174
0 0.678716 0.564033 0.0174137 0.0283301
1 0.572453 0.686805 0.0963454 0.358383
0 0.566448 0.550899 0.0449731 0.0706263
1 0.680033 0.615867 0.0457975 0.137224
0 0.678715 0.564027 0.0173931 0.0283146
1 0.572331 0.686867 0.0966486 0.358444
0 0.566456 0.550855 0.0450308 0.0706247
1 0.680033 0.615858 0.0457811 0.137211
0 0.678711 0.564021 0.0174113 0.0283322
