1 0.694759 0.683442 0.118503 0.371707
0 0.690493 0.54463 0.047276 0.0724849
1 0.69493 0.685217 0.118877 0.376033
0 0.690406 0.544651 0.0473958 0.0727269
1 0.412342 0.403962 0.0444773 0.200419
1 0.694732 0.683486 0.118419 0.371552
0 0.690466 0.544622 0.0473054 0.0724854
1 0.286129 0.369595 0.0390755 0.1274
0 0.285072 0.328201 0.020595 0.0424207
1 0.694832 0.683515 0.11835 0.371526
0 0.69048 0.544638 0.0473006 0.0724184
1 0.287491 0.373932 0.0426139 0.134887
0 0.287238 0.331367 0.0229697 0.0449603
1 0.694746 0.683472 0.118401 0.371656
0 0.690473 0.544625 0.0473062 0.0725055
1 0.286373 0.369425 0.0384856 0.125535
0 0.285292 0.328945 0.0205919 0.0426363
1 0.694765 0.683484 0.118358 0.371622
0 0.690472 0.544638 0.0473192 0.0724892
1 0.286312 0.369579 0.0385677 0.126055
0 0.285254 0.328912 0.0205149 0.042552
1 0.694853 0.685428 0.119364 0.376737
0 0.690419 0.544659 0.0473444 0.072759
1 0.286312 0.369484 0.0386644 0.12591
0 0.285305 0.328722 0.0204535 0.0423272
1 0.694754 0.683461 0.118389 0.371586
0 0.690474 0.544631 0.0473034 0.0724824
1 0.286352 0.369438 0.0385566 0.125696
0 0.285312 0.328991 0.0205738 0.0426478
1 0.694735 0.683517 0.118397 0.3716
0 0.690472 0.544621 0.0473004 0.0724756
1 0.287779 0.373519 0.04111 0.132297
0 0.285898 0.330401 0.0215222 0.0452899
1 0.694892 0.685143 0.118949 0.375714
0 0.690443 0.544668 0.0472304 0.0726119
1 0.286312 0.36951 0.0385519 0.125566
0 0.285296 0.328825 0.0204119 0.0422743
1 0.694738 0.683467 0.118393 0.371596
0 0.690474 0.544622 0.047306 0.0724753
1 0.28638 0.369553 0.0384729 0.125193
0 0.285297 0.329073 0.0205464 0.0426155
1 0.694821 0.685311 0.119166 0.376386
0 0.690417 0.544662 0.0473349 0.0727822
1 0.287892 0.373041 0.0407151 0.130951
0 0.285931 0.330136 0.0212811 0.0447816
1 0.694754 0.683458 0.118331 0.371603
0 0.69047 0.544625 0.0473128 0.0724878
1 0.286354 0.369536 0.0385863 0.125622
0 0.285301 0.328909 0.020541 0.042467
1 0.694739 0.683502 0.118405 0.371645
0 0.69047 0.544626 0.047311 0.0725163
1 0.287661 0.373646 0.0410902 0.131896
0 0.285863 0.330417 0.0214624 0.0452052
1 0.694745 0.68349 0.118404 0.371603
0 0.690472 0.544638 0.0473187 0.0725182
1 0.286377 0.369453 0.0384877 0.125546
0 0.285332 0.329009 0.0205305 0.0425267
1 0.694757 0.683462 0.11838 0.371607
0 0.690475 0.544627 0.0473037 0.0724677
1 0.286446 0.369493 0.0382948 0.125116
0 0.285312 0.329021 0.0205193 0.0425867
1 0.694866 0.685543 0.119098 0.376591
0 0.690435 0.544676 0.0472392 0.0727226
1 0.286348 0.369495 0.0384559 0.12543
0 0.285292 0.328823 0.0203959 0.0422792
1 0.694769 0.683486 0.118399 0.371588
0 0.690473 0.544639 0.0473227 0.0724883
1 0.286397 0.369491 0.0384325 0.125626
0 0.285306 0.329 0.0205262 0.0426785
1 0.694768 0.683485 0.118382 0.371635
0 0.690477 0.54462 0.0473044 0.072466
1 0.28813 0.374543 0.0404438 0.133935
0 0.286007 0.330515 0.0215217 0.045277
1 0.694745 0.683459 0.118378 0.371631
0 0.690471 0.544633 0.0473177 0.0725074
1 0.286448 0.369516 0.0383076 0.125169
0 0.285322 0.329069 0.0205198 0.0425162
1 0.694826 0.68518 0.119057 0.375943
0 0.690434 0.544644 0.0473404 0.0726768
1 0.28632 0.369476 0.0386496 0.125612
0 0.285313 0.328937 0.0204851 0.0424212
1 0.694737 0.683456 0.118429 0.371602
0 0.690473 0.544638 0.0473204 0.0725169
1 0.286491 0.36939 0.0381987 0.125046
0 0.285334 0.329018 0.020502 0.0425305
1 0.694755 0.683456 0.118374 0.371579
0 0.690474 0.544629 0.0473058 0.0724835
1 0.28787 0.374076 0.0408876 0.132727
0 0.285967 0.330335 0.0214422 0.0450168
1 0.694851 0.685432 0.119306 0.376634
0 0.690412 0.544674 0.0473714 0.0728175
1 0.286336 0.369407 0.0385451 0.125415
0 0.285288 0.3287 0.0204239 0.0421709
1 0.694879 0.685068 0.119022 0.375807
0 0.690441 0.544653 0.0472924 0.0726794
1 0.286345 0.369354 0.0386172 0.125675
0 0.285318 0.328794 0.0204878 0.0424448
1 0.694744 0.683471 0.118393 0.371609
0 0.690476 0.544639 0.0473067 0.0724768
1 0.287653 0.373863 0.0413047 0.13357
0 0.285896 0.330351 0.0215038 0.0451903
1 0.694867 0.685314 0.119247 0.376455
0 0.690414 0.544657 0.0473595 0.0727811
1 0.287682 0.37485 0.0419755 0.133381
0 0.285906 0.33025 0.0213738 0.0451609
1 0.694763 0.68347 0.118351 0.371608
0 0.690474 0.544633 0.0473062 0.0724995
1 0.286391 0.369448 0.0384578 0.125383
0 0.28531 0.328932 0.0205324 0.0424561
1 0.694742 0.683492 0.118434 0.371588
0 0.690471 0.544645 0.0473262 0.0725187
1 0.287594 0.373662 0.0412785 0.132118
0 0.285952 0.330695 0.0217312 0.0455695
1 0.694752 0.683446 0.118337 0.371599
0 0.690475 0.544618 0.0472881 0.0724585
1 0.286327 0.369594 0.0386105 0.125864
0 0.285301 0.329017 0.0205769 0.0426581
1 0.69474 0.683474 0.11839 0.371623
0 0.690475 0.544626 0.0473002 0.0724787
1 0.28633 0.369468 0.0386052 0.125596
0 0.285325 0.328965 0.0205502 0.0425333
1 0.694725 0.683417 0.11839 0.371618
0 0.690476 0.544621 0.0472839 0.0724516
1 0.286321 0.369436 0.0386793 0.125806
0 0.285305 0.328933 0.0206271 0.0426375
1 0.694739 0.683506 0.118436 0.371597
0 0.690467 0.54465 0.0473309 0.072545
1 0.286361 0.369504 0.038545 0.125547
0 0.285327 0.329074 0.0205495 0.0426027
1 0.69475 0.683457 0.118368 0.371608
0 0.69047 0.544629 0.0473147 0.0724925
1 0.286379 0.369438 0.0384897 0.125561
0 0.285318 0.328979 0.0205511 0.0425954
1 0.694758 0.683454 0.118404 0.371616
0 0.690478 0.544628 0.0473034 0.0724774
1 0.286412 0.369494 0.0384135 0.125099
0 0.285315 0.328957 0.0205261 0.0424254
1 0.694746 0.683481 0.118386 0.371615
0 0.690467 0.544632 0.0473183 0.0725135
1 0.286339 0.369602 0.0385959 0.125807
0 0.285289 0.328915 0.0205684 0.0424758
1 0.694751 0.68347 0.11842 0.371586
0 0.690475 0.544641 0.0473072 0.0724911
1 0.286398 0.36951 0.0383919 0.125197
0 0.285342 0.328981 0.0204393 0.0423561
1 0.694745 0.683469 0.118413 0.371572
0 0.690474 0.544636 0.0473116 0.0725092
1 0.286449 0.369462 0.0383238 0.125204
0 0.285337 0.329067 0.0205106 0.0425849
1 0.694903 0.685389 0.119198 0.376705
0 0.690424 0.544668 0.0473484 0.072817
1 0.286331 0.369395 0.0386173 0.125721
0 0.28531 0.328638 0.0204239 0.0422015
1 0.694759 0.683461 0.118363 0.371588
0 0.690474 0.544629 0.0473185 0.0724837
1 0.286425 0.369451 0.0383637 0.125348
0 0.285314 0.32891 0.0205107 0.0424769
1 0.694749 0.6835 0.118431 0.371584
0 0.690471 0.544644 0.047321 0.072497
1 0.288099 0.374756 0.0406822 0.134869
0 0.285947 0.330449 0.0215365 0.0455219
1 0.694748 0.683486 0.118371 0.371583
0 0.690465 0.544639 0.0473262 0.0725208
1 0.286355 0.369529 0.0384948 0.125667
0 0.285308 0.329018 0.0205357 0.0425926
1 0.694866 0.685789 0.11939 0.377483
0 0.690416 0.544701 0.047329 0.0729161
1 0.286355 0.369462 0.0385345 0.1255
0 0.285301 0.328781 0.0204316 0.0422821
1 0.694744 0.683475 0.118448 0.371621
0 0.69047 0.544645 0.0473307 0.0725208
1 0.286462 0.369462 0.0383223 0.125314
0 0.285325 0.329008 0.020517 0.0424958
1 0.694746 0.68344 0.118392 0.37165
0 0.690479 0.544618 0.0472819 0.0724403
1 0.287677 0.37359 0.0406343 0.132268
0 0.285964 0.330453 0.0213341 0.0449169
1 0.694868 0.685121 0.118996 0.376254
0 0.690439 0.544637 0.047318 0.0726691
1 0.286403 0.369437 0.038528 0.125698
0 0.285311 0.328685 0.020446 0.0422797
1 0.694737 0.683494 0.118407 0.371669
0 0.690465 0.544626 0.0472917 0.0724866
1 0.286352 0.369462 0.0385694 0.125654
0 0.285315 0.328929 0.0205634 0.0424989
1 0.694753 0.683498 0.118408 0.371627
0 0.690469 0.544629 0.0473107 0.0724902
1 0.287731 0.374153 0.0410934 0.133295
0 0.28591 0.330476 0.0215284 0.0453761
1 0.694734 0.683508 0.118485 0.371667
0 0.690471 0.544635 0.047313 0.0725248
1 0.28632 0.369502 0.0386393 0.125667
0 0.285322 0.328944 0.020533 0.042452
1 0.694883 0.685814 0.119312 0.377652
0 0.690414 0.544644 0.0473266 0.0727974
1 0.286359 0.369379 0.0385322 0.125732
0 0.285285 0.328703 0.0204647 0.0423955
1 0.694739 0.683468 0.118433 0.371664
0 0.690474 0.544624 0.0472979 0.0724876
1 0.286379 0.369496 0.0385309 0.125484
0 0.2853 0.328975 0.0206126 0.0425589
1 0.694825 0.686042 0.119317 0.378001
0 0.690409 0.544675 0.0473206 0.0728878
1 0.287491 0.374425 0.0425439 0.132219
0 0.285963 0.330234 0.0212373 0.0447662
1 0.694823 0.685901 0.119528 0.377799
0 0.690434 0.544673 0.0472918 0.0728368
1 0.286301 0.369466 0.0386379 0.125766
0 0.285291 0.328942 0.020476 0.0424749
1 0.694741 0.683449 0.118455 0.371664
0 0.690472 0.544634 0.0473023 0.0724785
1 0.287635 0.374073 0.0406848 0.132303
0 0.286014 0.330724 0.0214469 0.0451475
1 0.694902 0.685206 0.119002 0.376188
0 0.690425 0.544642 0.0473524 0.0726758
1 0.287913 0.374667 0.0403264 0.133967
0 0.285884 0.330131 0.0210654 0.044416
1 0.694755 0.68351 0.118414 0.371657
0 0.690473 0.544623 0.0472889 0.0724592
1 0.286373 0.369498 0.0384893 0.125578
0 0.285307 0.32901 0.0205969 0.0426037
1 0.694754 0.683496 0.118443 0.371655
0 0.69047 0.544632 0.0473087 0.072497
1 0.287654 0.374513 0.0413214 0.133561
0 0.285911 0.33056 0.0215106 0.0452755
1 0.694837 0.686291 0.119344 0.378646
0 0.690409 0.54469 0.0473095 0.0729324
1 0.286305 0.369491 0.0386213 0.125914
0 0.285277 0.328686 0.0204223 0.0423013
1 0.694921 0.68511 0.119028 0.375825
0 0.69044 0.544667 0.0472641 0.0726863
1 0.286213 0.369584 0.0387609 0.125793
0 0.285268 0.328767 0.020425 0.0421519
1 0.694749 0.683507 0.118425 0.371621
0 0.690468 0.544634 0.0473191 0.0725112
1 0.287893 0.373747 0.0406079 0.132189
0 0.286052 0.330674 0.0215455 0.0453202
1 0.694757 0.683486 0.118415 0.371632
0 0.690473 0.544633 0.0473 0.0724868
1 0.287806 0.373413 0.0409246 0.131381
0 0.285976 0.330611 0.0215985 0.0453997
1 0.694747 0.685698 0.119309 0.377134
0 0.690425 0.544648 0.0472591 0.0727531
1 0.286389 0.369408 0.0384558 0.125218
0 0.285299 0.328727 0.020439 0.0423031
1 0.694894 0.685658 0.119195 0.377453
0 0.690419 0.544601 0.0473115 0.0726395
1 0.286215 0.369448 0.0388923 0.125929
0 0.285302 0.328594 0.0204336 0.0421558
1 0.694769 0.686883 0.118879 0.380059
0 0.690405 0.544588 0.0472099 0.0727792
1 0.287403 0.374343 0.042563 0.132981
0 0.285915 0.330019 0.0212514 0.0442348
1 0.694857 0.686195 0.118389 0.37871
0 0.69042 0.544546 0.0471677 0.0725069
1 0.287472 0.373712 0.0417209 0.1326
0 0.285957 0.330146 0.0214421 0.0446849
1 0.694908 0.686298 0.118629 0.379294
0 0.690412 0.544533 0.047162 0.0725177
1 0.287559 0.373752 0.0417589 0.132531
0 0.285998 0.330015 0.0213419 0.0438189
1 0.694952 0.686208 0.118433 0.378953
0 0.690412 0.544515 0.0471449 0.0724199
1 0.285917 0.373575 0.0403956 0.133857
0 0.285362 0.3289 0.0207357 0.0427288
1 0.694936 0.683213 0.116705 0.372012
0 0.690522 0.544423 0.0470409 0.071959
1 0.288023 0.364173 0.046538 0.114592
0 0.287089 0.329605 0.025373 0.0436613
1 0.694923 0.683182 0.116654 0.371875
0 0.690522 0.544421 0.0470158 0.0719699
1 0.148906 0.525056 0.0206002 0.0482202
1 0.694913 0.683197 0.116719 0.371893
0 0.690524 0.544414 0.0470146 0.0719693
1 0.695019 0.683176 0.117283 0.371902
0 0.690532 0.544438 0.0471003 0.0720232
1 0.69504 0.683284 0.117522 0.372006
1 0.288836 0.372551 0.0349424 0.116373
0 0.690531 0.54451 0.0471832 0.0721745
0 0.286069 0.329875 0.0191433 0.0388267
1 0.694811 0.683594 0.118454 0.371965
0 0.690472 0.544602 0.0472763 0.0724332
1 0.288552 0.370298 0.0352507 0.117345
0 0.287526 0.332333 0.020338 0.0413512
1 0.694802 0.68597 0.119309 0.377698
0 0.690425 0.544693 0.0472674 0.0728414
1 0.288598 0.369866 0.0342763 0.119138
0 0.287748 0.331766 0.0199388 0.0418557
1 0.694734 0.683496 0.118503 0.371633
0 0.690477 0.544642 0.0472903 0.0724965
1 0.286056 0.370818 0.0400947 0.127887
0 0.285247 0.329283 0.0210468 0.0435873
1 0.694743 0.683452 0.11844 0.371633
0 0.690474 0.544629 0.0472926 0.0724735
1 0.287689 0.373903 0.0407698 0.132333
0 0.285964 0.330377 0.0213755 0.0445262
1 0.694863 0.68517 0.119084 0.376112
0 0.690438 0.544651 0.0472779 0.0727012
1 0.286365 0.369435 0.0385463 0.125748
0 0.285312 0.328835 0.0204817 0.0425045
1 0.694749 0.683449 0.118419 0.371645
0 0.69047 0.544634 0.0473115 0.0724992
1 0.286283 0.369544 0.0387138 0.125754
0 0.285295 0.328946 0.0206006 0.0424635
1 0.694817 0.685382 0.119241 0.37657
0 0.690404 0.54465 0.0474474 0.0728524
1 0.287796 0.374312 0.0408704 0.133506
0 0.285894 0.330248 0.0212832 0.045024
1 0.694904 0.685587 0.11926 0.37713
0 0.690443 0.544683 0.047307 0.0728232
1 0.286402 0.369372 0.0384579 0.125311
0 0.285329 0.328843 0.020457 0.0423947
1 0.694761 0.683525 0.118435 0.371622
0 0.69047 0.54464 0.0473158 0.0724973
1 0.287561 0.373502 0.0417363 0.132288
0 0.285936 0.330469 0.0217182 0.0452969
1 0.69474 0.683475 0.11839 0.371657
0 0.69047 0.544626 0.0472856 0.0724842
1 0.287712 0.373512 0.0407136 0.13175
0 0.285919 0.33036 0.0213519 0.0449045
1 0.694755 0.683537 0.118314 0.372359
0 0.690509 0.54455 0.0472055 0.0723547
1 0.286649 0.368714 0.0386193 0.120885
0 0.28531 0.327626 0.0199074 0.0405211
1 0.149247 0.883227 0.022042 0.0429556
1 0.694923 0.683518 0.117426 0.372404
0 0.690522 0.544505 0.0471188 0.0721363
1 0.694901 0.683413 0.117437 0.372215
0 0.690526 0.544459 0.0471127 0.0721643
1 0.694928 0.68318 0.116591 0.371821
0 0.690522 0.544406 0.0470066 0.0719208
1 0.694912 0.683183 0.11658 0.371931
0 0.690518 0.544398 0.0469914 0.0719064
1 0.694913 0.683192 0.116602 0.371893
0 0.690519 0.544407 0.0470064 0.0719337
1 0.69491 0.683186 0.116618 0.371904
0 0.690521 0.544408 0.0470058 0.0719385
1 0.695163 0.685298 0.117423 0.377098
0 0.690475 0.544439 0.0472076 0.0722735
1 0.694905 0.683187 0.116642 0.371878
0 0.690522 0.544411 0.0470108 0.0719445
1 0.694918 0.68319 0.116611 0.371883
0 0.690521 0.544408 0.0470062 0.0719359
1 0.694921 0.68319 0.116627 0.371931
0 0.690524 0.544408 0.0470119 0.0719397
1 0.695062 0.683061 0.116662 0.37145
0 0.690521 0.544428 0.0470692 0.0719757
1 0.695003 0.683407 0.117529 0.372229
0 0.690522 0.544492 0.0472127 0.0721805
1 0.28955 0.349243 0.0377095 0.0714214
0 0.287735 0.333015 0.0220653 0.0422227
1 0.694769 0.683586 0.118448 0.371982
0 0.690466 0.54459 0.0472597 0.072421
1 0.288345 0.370904 0.0357989 0.11845
0 0.287473 0.332264 0.020387 0.0411874
1 0.69474 0.683464 0.11844 0.371637
0 0.690467 0.544623 0.0472985 0.0724735
1 0.288849 0.37061 0.0343748 0.120741
0 0.287603 0.332168 0.0206175 0.0432713
1 0.694814 0.685182 0.118987 0.375868
0 0.690438 0.544652 0.0472515 0.0726116
1 0.286284 0.37054 0.0407973 0.125431
0 0.285228 0.329166 0.0209581 0.0433481
1 0.694824 0.685504 0.119312 0.376775
0 0.690414 0.544666 0.0473452 0.0728326
1 0.286292 0.369522 0.0386985 0.125926
0 0.28529 0.328541 0.0204024 0.042
1 0.694759 0.683434 0.118433 0.371611
0 0.690477 0.544622 0.0472782 0.0724382
1 0.287826 0.374069 0.0409822 0.133239
0 0.285952 0.330512 0.0215781 0.0455098
1 0.694747 0.683457 0.118422 0.371634
0 0.690473 0.544635 0.047288 0.0724701
1 0.287734 0.373573 0.0409048 0.131793
0 0.285937 0.330573 0.0215174 0.0452667
1 0.694752 0.683466 0.118404 0.371644
0 0.690476 0.544623 0.0472877 0.0724761
1 0.2863 0.369543 0.0386629 0.125773
0 0.285296 0.328979 0.0205424 0.0425947
1 0.69489 0.685089 0.119183 0.376034
0 0.690437 0.544666 0.0473373 0.0727452
1 0.286354 0.369491 0.0385015 0.125538
0 0.2853 0.328774 0.0204134 0.042299
1 0.694839 0.685474 0.119029 0.376684
0 0.690434 0.54466 0.0472943 0.0727758
1 0.286308 0.369457 0.0386411 0.125862
0 0.285297 0.328785 0.0204783 0.0423803
1 0.694774 0.683472 0.118396 0.371642
0 0.690476 0.544634 0.0472948 0.0724734
1 0.287829 0.374067 0.0412198 0.132772
0 0.285971 0.330672 0.021734 0.0456027
1 0.694871 0.685303 0.119075 0.376381
0 0.690429 0.544653 0.0473356 0.0727422
1 0.287531 0.373753 0.0421806 0.131155
0 0.285875 0.330186 0.0213754 0.0451053
1 0.694818 0.685378 0.119378 0.376712
0 0.690428 0.544647 0.047337 0.072768
1 0.286405 0.369403 0.0384467 0.125261
0 0.285303 0.328776 0.0204153 0.0422953
1 0.694741 0.683477 0.118436 0.371653
0 0.690473 0.544629 0.0472958 0.0724831
1 0.287825 0.374838 0.0413979 0.13478
0 0.285956 0.330429 0.0215728 0.0453945
1 0.694829 0.684949 0.119001 0.375431
0 0.690429 0.544649 0.0473513 0.0727073
1 0.28746 0.374206 0.042551 0.131916
0 0.28587 0.330217 0.0214514 0.0452136
1 0.694756 0.683496 0.118432 0.371637
0 0.690469 0.544626 0.0473067 0.0725025
1 0.286402 0.369494 0.0384383 0.125551
0 0.285318 0.328912 0.0204915 0.0425222
1 0.694751 0.683459 0.118409 0.371646
0 0.690477 0.544625 0.0472937 0.0724718
1 0.287793 0.374584 0.0411526 0.133976
0 0.285949 0.330661 0.021697 0.0456446
1 0.694758 0.683519 0.118435 0.371626
0 0.690469 0.544633 0.0473183 0.0725179
1 0.286367 0.369474 0.0385249 0.125707
0 0.285303 0.329036 0.0205919 0.0426434
1 0.69475 0.683478 0.118446 0.371602
0 0.690472 0.544635 0.0473259 0.0725314
1 0.286388 0.369549 0.038456 0.125411
0 0.285314 0.329017 0.0205034 0.0425132
1 0.694743 0.686478 0.119735 0.379011
0 0.690421 0.544716 0.0473158 0.0729219
1 0.286322 0.369515 0.0386207 0.125563
0 0.285299 0.328921 0.0204894 0.0423175
1 0.694873 0.683502 0.117959 0.372363
0 0.69052 0.544546 0.0472131 0.0722744
1 0.28613 0.364591 0.044432 0.11927
0 0.286451 0.328119 0.0236217 0.0416533
1 0.694944 0.683494 0.117275 0.372184
0 0.690527 0.544525 0.0471808 0.0722086
1 0.694911 0.683227 0.116741 0.371914
0 0.690521 0.544416 0.0470322 0.0719971
1 0.694898 0.683131 0.116663 0.371841
0 0.690524 0.544402 0.0469956 0.0719094
1 0.694908 0.683176 0.116688 0.371893
0 0.690525 0.544417 0.0470072 0.0719671
1 0.694902 0.683185 0.116676 0.371869
0 0.690524 0.544416 0.0470015 0.0719254
1 0.694886 0.68318 0.116721 0.371879
0 0.69052 0.544413 0.0470142 0.0719485
1 0.694879 0.683169 0.116716 0.371884
0 0.69052 0.544405 0.0470018 0.0719403
1 0.694897 0.683192 0.116724 0.371899
0 0.690521 0.544418 0.0470214 0.0719656
1 0.6949 0.683167 0.11669 0.371842
0 0.690523 0.544415 0.0470081 0.0719257
1 0.695015 0.683016 0.116623 0.3717
0 0.690519 0.544402 0.047047 0.0719296
1 0.69493 0.683362 0.117719 0.372154
0 0.690499 0.544503 0.0472021 0.0722311
1 0.288385 0.372877 0.0362576 0.115581
0 0.285933 0.329403 0.0189916 0.038684
1 0.694858 0.686396 0.119545 0.379069
0 0.690413 0.544645 0.0473103 0.0728499
1 0.288395 0.370864 0.0353201 0.118859
0 0.287463 0.332131 0.0202085 0.0412441
1 0.694812 0.685766 0.119239 0.377391
0 0.690415 0.544652 0.0473759 0.0728215
1 0.288507 0.370108 0.0344917 0.120604
0 0.287712 0.331575 0.0199663 0.0418843
1 0.694866 0.685275 0.119206 0.376424
0 0.690435 0.544651 0.0473117 0.0727353
1 0.287746 0.373387 0.0417548 0.12969
0 0.285837 0.330003 0.0209929 0.0441108
1 0.694827 0.685209 0.118989 0.376077
0 0.690425 0.544648 0.0472987 0.0727861
1 0.287716 0.373789 0.040962 0.132861
0 0.285958 0.330111 0.0211736 0.0447147
1 0.694758 0.686353 0.119659 0.378945
0 0.690415 0.544674 0.0473363 0.0729016
1 0.287763 0.373957 0.0415832 0.130635
0 0.285915 0.330363 0.0213876 0.045138
1 0.69487 0.685022 0.118866 0.375676
0 0.69043 0.544649 0.0473714 0.0727205
1 0.287528 0.374441 0.0422775 0.133251
0 0.285899 0.330138 0.0213278 0.0449189
1 0.694829 0.685358 0.119192 0.37645
0 0.690422 0.544668 0.0473309 0.072815
1 0.287682 0.374287 0.0409455 0.133776
0 0.285945 0.330281 0.021203 0.0446276
1 0.694752 0.683485 0.118421 0.371642
0 0.690473 0.544632 0.0473063 0.072489
1 0.287784 0.373418 0.0410539 0.13183
0 0.286005 0.330588 0.021672 0.0455077
1 0.69483 0.685255 0.119179 0.376244
0 0.690428 0.544666 0.0473109 0.0727733
1 0.287814 0.373786 0.0410762 0.1331
0 0.285872 0.330262 0.0213518 0.0452303
1 0.694801 0.685292 0.121439 0.377835
0 0.69023 0.544626 0.0479937 0.0733187
1 0.28631 0.369397 0.038616 0.125723
0 0.2853 0.328734 0.0204382 0.0423303
1 0.690191 0.685774 0.129407 0.378096
0 0.689982 0.54401 0.047492 0.074029
1 0.287603 0.373506 0.0412107 0.13263
0 0.285759 0.330094 0.0211838 0.0448093
1 0.692826 0.686362 0.133321 0.379735
0 0.689969 0.544022 0.0476279 0.0743286
1 0.287859 0.375444 0.0447348 0.128909
0 0.285745 0.331149 0.0214584 0.0445709
1 0.692803 0.685962 0.133124 0.379125
0 0.689961 0.543998 0.0476408 0.0743426
1 0.290212 0.375645 0.0382013 0.122342
0 0.286595 0.333473 0.0199454 0.0438541
1 0.692833 0.684173 0.132499 0.374904
0 0.689996 0.54403 0.0476571 0.0741774
0 0.28777 0.333721 0.0205454 0.0424987
1 0.289856 0.373832 0.0383706 0.122179
1 0.692783 0.68589 0.133137 0.378926
0 0.689977 0.544005 0.0476114 0.0742843
1 0.290045 0.374079 0.0386131 0.122192
0 0.287819 0.333439 0.0203826 0.0423434
1 0.692832 0.684188 0.132473 0.374883
1 0.290157 0.372202 0.0402763 0.11482
0 0.689992 0.544025 0.04767 0.0741998
0 0.288031 0.333888 0.0207812 0.0417644
1 0.692667 0.685908 0.133797 0.378715
0 0.689988 0.544023 0.047587 0.0741691
0 0.287773 0.333531 0.0204674 0.0423257
1 0.28981 0.374998 0.039197 0.123819
1 0.692795 0.684189 0.132539 0.374888
1 0.290091 0.372171 0.0404571 0.114981
0 0.689987 0.544036 0.0476891 0.0742468
0 0.28802 0.333853 0.0208228 0.0418578
1 0.692785 0.684203 0.132631 0.37492
0 0.689993 0.544027 0.0476408 0.0741664
0 0.287712 0.333926 0.0207609 0.0428178
1 0.289718 0.374132 0.0387419 0.122269
1 0.692813 0.68609 0.133093 0.379194
0 0.689986 0.544041 0.0475966 0.0743355
1 0.289907 0.371563 0.0400722 0.116309
0 0.28783 0.333438 0.0203196 0.041887
1 0.692713 0.686667 0.133415 0.380816
0 0.689964 0.544011 0.0476757 0.0744397
1 0.289891 0.371628 0.0399832 0.116596
0 0.287811 0.333426 0.0203639 0.0420047
1 0.692812 0.684191 0.132568 0.374879
0 0.689994 0.54404 0.0476729 0.074207
0 0.287795 0.333779 0.0206446 0.0426101
1 0.289955 0.374878 0.0390311 0.123498
1 0.692778 0.684218 0.132634 0.374941
0 0.68999 0.544033 0.0476748 0.0742071
0 0.286025 0.332853 0.0202958 0.0452075
1 0.289367 0.373963 0.0387375 0.124197
1 0.692781 0.685666 0.13317 0.37845
0 0.689982 0.544016 0.0476419 0.0743043
1 0.289872 0.371688 0.0400473 0.116673
0 0.287804 0.333403 0.020398 0.0420641
1 0.694822 0.686374 0.133333 0.375662
0 0.690211 0.545098 0.0475076 0.0760607
1 0.289971 0.371391 0.0397022 0.115228
0 0.287806 0.33374 0.0204864 0.0420752
1 0.696145 0.680053 0.161948 0.394023
1 0.28993 0.37427 0.038936 0.122175
0 0.287799 0.333552 0.0203648 0.042204
1 0.700537 0.683461 0.168508 0.382255
1 0.696964 0.677454 0.146101 0.390639
1 0.698815 0.677342 0.152373 0.391177
1 0.69975 0.677015 0.154566 0.391949
1 0.700028 0.677016 0.155329 0.391948
1 0.700162 0.676998 0.155613 0.392024
1 0.700116 0.676987 0.155558 0.392051
1 0.700064 0.676986 0.15548 0.392001
1 0.700118 0.676978 0.155523 0.392025
1 0.700073 0.676984 0.155449 0.392035
1 0.700106 0.676986 0.155631 0.392018
1 0.700469 0.678914 0.158441 0.388568
1 0.700081 0.676986 0.1555 0.391999
1 0.700103 0.676973 0.155521 0.392039
1 0.700125 0.676967 0.155575 0.392059
1 0.700114 0.676951 0.155499 0.392062
1 0.700081 0.676981 0.155501 0.392022
1 0.700071 0.676959 0.155429 0.392015
1 0.70008 0.676978 0.155523 0.392036
1 0.698194 0.676977 0.151381 0.392424
1 0.695907 0.678749 0.142196 0.389282
0 0.684265 0.548374 0.0332799 0.0814839
1 0.695279 0.679997 0.134261 0.3834
0 0.684158 0.548109 0.0320061 0.0795643
1 0.695397 0.679942 0.134301 0.383625
0 0.68413 0.548149 0.0319351 0.0795447
1 0.695243 0.679922 0.134395 0.383548
0 0.684123 0.548174 0.0319651 0.0796596
1 0.695207 0.679932 0.134432 0.383493
0 0.684131 0.548157 0.0319726 0.0796117
1 0.695219 0.679938 0.134418 0.383527
0 0.684126 0.548157 0.0319719 0.079629
1 0.695197 0.679926 0.134381 0.383556
0 0.684126 0.548168 0.031991 0.0796682
1 0.695242 0.679919 0.134412 0.383536
0 0.684126 0.548178 0.0319911 0.0796715
1 0.695209 0.679921 0.134368 0.383496
0 0.684128 0.548177 0.0319952 0.079654
1 0.69477 0.683497 0.118428 0.371657
0 0.69047 0.54462 0.0473069 0.0724696
1 0.694771 0.683494 0.118422 0.37164
0 0.69047 0.544626 0.0473008 0.0724891
1 0.694745 0.683472 0.118398 0.37162
0 0.690466 0.544639 0.0472973 0.072495
1 0.286405 0.369396 0.0385368 0.125249
0 0.285332 0.329062 0.0205917 0.042632
1 0.694883 0.685299 0.118905 0.375992
0 0.690427 0.544656 0.0472694 0.0727309
1 0.286278 0.36968 0.0385573 0.125992
0 0.285317 0.328975 0.0205394 0.0425194
1 0.694743 0.683489 0.118434 0.371644
0 0.690468 0.544623 0.0473166 0.0724943
1 0.286324 0.369531 0.0385555 0.125742
0 0.285272 0.329153 0.0206795 0.0428077
1 0.69475 0.683507 0.118467 0.371625
0 0.690477 0.54464 0.047321 0.0725167
1 0.287967 0.373813 0.0406727 0.13146
0 0.285962 0.330581 0.0213938 0.0448051
1 0.694847 0.685307 0.119024 0.37615
0 0.690416 0.544651 0.0473259 0.0727606
1 0.286303 0.369377 0.0387041 0.125466
0 0.285324 0.328787 0.0205084 0.0423977
1 0.694748 0.683497 0.118479 0.371641
0 0.690475 0.544631 0.0473066 0.0724908
1 0.286391 0.369511 0.0384585 0.125232
0 0.285316 0.329105 0.0205473 0.0426232
1 0.694837 0.685126 0.119184 0.375893
0 0.690429 0.544651 0.0472734 0.0726923
1 0.287376 0.374286 0.0424327 0.132458
0 0.285884 0.330155 0.0213263 0.0449666
1 0.694747 0.683578 0.118402 0.371547
0 0.690461 0.544659 0.0473558 0.072542
1 0.28618 0.369496 0.0389515 0.126301
0 0.285293 0.329014 0.0207034 0.0427201
1 0.694896 0.68546 0.119205 0.37648
0 0.690441 0.544696 0.0472473 0.0727824
1 0.28789 0.375085 0.0406532 0.134788
0 0.285914 0.330475 0.0213566 0.0452817
1 0.693808 0.688473 0.109187 0.376269
0 0.690921 0.545805 0.0438604 0.0704867
1 0.286291 0.369428 0.0384835 0.125579
0 0.285401 0.329412 0.020655 0.0430088
1 0.287942 0.375403 0.0401289 0.133606
0 0.287585 0.333069 0.0223277 0.0451325
