1 0.429506 0.667761 0.0989742 0.355854
1 0.537889 0.599958 0.0454933 0.136453
0 0.422976 0.535859 0.0440769 0.0731264
0 0.534571 0.548524 0.0182718 0.029015
1 0.429394 0.670477 0.0989571 0.360661
1 0.16164 0.286095 0.0341577 0.116858
1 0.537906 0.599903 0.0456196 0.136465
0 0.159154 0.242188 0.0157848 0.0303846
0 0.42272 0.536106 0.0435106 0.0693024
0 0.534556 0.548582 0.0182624 0.0290708
1 0.429267 0.666431 0.097678 0.352189
1 0.161909 0.288766 0.0329784 0.122157
1 0.537873 0.599915 0.0454361 0.136502
0 0.159272 0.242166 0.0154141 0.0297469
0 0.422621 0.536449 0.043578 0.0697558
0 0.534557 0.548643 0.0182422 0.0291313
1 0.429302 0.666377 0.0977455 0.352229
1 0.16121 0.283242 0.0327548 0.112435
1 0.537889 0.599853 0.0454795 0.136397
0 0.1594 0.241472 0.0148914 0.0289207
0 0.422605 0.536385 0.043635 0.0696627
0 0.534554 0.548591 0.0182772 0.0291099
1 0.429341 0.670253 0.0988367 0.359795
1 0.161204 0.283311 0.0326415 0.112157
1 0.537848 0.599814 0.0456375 0.136398
0 0.159419 0.241647 0.0150964 0.0290654
0 0.422686 0.536294 0.0435481 0.0696547
0 0.534547 0.548624 0.0182961 0.0292036
1 0.429348 0.670194 0.0987745 0.359598
1 0.162043 0.288266 0.0324871 0.120216
1 0.537857 0.599819 0.0456336 0.136406
0 0.159326 0.242084 0.0153353 0.029813
0 0.422688 0.536307 0.0435612 0.0696284
0 0.534551 0.548628 0.0183033 0.0292194
