1 0.719638 0.714698 0.117675 0.374343
0 0.716329 0.573135 0.045677 0.0694724
1 0.694989 0.68258 0.117668 0.371107
0 0.690461 0.544344 0.0471306 0.072025
1 0.695337 0.68242 0.116722 0.371006
1 0.337616 0.46481 0.038179 0.120437
0 0.690554 0.5443 0.0469276 0.0716608
0 0.339174 0.421271 0.0195347 0.0396457
1 0.338072 0.448695 0.0323064 0.0941003
1 0.695048 0.682223 0.117264 0.370622
1 0.328939 0.454708 0.0339424 0.115796
0 0.690502 0.544305 0.0470219 0.0717339
0 0.328143 0.409243 0.0201496 0.0394244
1 0.69503 0.682222 0.117294 0.370616
1 0.329049 0.454955 0.0340879 0.115278
0 0.690499 0.544307 0.047026 0.0717414
0 0.328243 0.409545 0.0202381 0.039065
1 0.695026 0.682215 0.117307 0.370627
1 0.32892 0.454694 0.0341982 0.115916
0 0.690498 0.544308 0.0470364 0.0717542
0 0.328262 0.409233 0.0202469 0.0397419
1 0.695025 0.682213 0.117309 0.370628
1 0.328947 0.454703 0.0341682 0.115917
0 0.690498 0.544307 0.0470353 0.0717556
0 0.328279 0.409249 0.0202219 0.039623
1 0.69503 0.682219 0.117309 0.370635
1 0.32892 0.454661 0.0341621 0.115944
0 0.6905 0.544308 0.0470335 0.0717572
0 0.328263 0.40924 0.0202593 0.0398061
1 0.695027 0.682215 0.117308 0.37063
1 0.328926 0.454669 0.0341647 0.115991
0 0.690498 0.544307 0.0470356 0.0717546
0 0.328263 0.409252 0.0202597 0.0397983
1 0.695028 0.682223 0.117308 0.37063
1 0.328918 0.454663 0.0341605 0.115944
0 0.6905 0.544307 0.0470333 0.0717551
0 0.328266 0.409246 0.0202633 0.0398053
1 0.695031 0.682223 0.117307 0.370633
1 0.328919 0.45466 0.0341632 0.115943
0 0.690498 0.544307 0.047036 0.0717546
0 0.328263 0.409242 0.0202609 0.0398014
1 0.695026 0.682218 0.117307 0.37063
1 0.328919 0.454662 0.0341567 0.115944
0 0.690498 0.544308 0.0470357 0.0717511
0 0.328266 0.409245 0.0202584 0.0398083
1 0.695025 0.682218 0.117305 0.37063
1 0.328918 0.454663 0.0341605 0.115944
0 0.690498 0.544309 0.0470363 0.0717576
0 0.328264 0.409243 0.02026 0.0398064
1 0.695026 0.682216 0.117305 0.370637
1 0.328919 0.454662 0.0341564 0.115942
0 0.690498 0.544307 0.0470362 0.0717554
0 0.328264 0.409244 0.0202606 0.0398054
1 0.695038 0.682215 0.117523 0.370597
1 0.328833 0.454765 0.034216 0.116009
0 0.690508 0.544295 0.0469887 0.0716845
0 0.328346 0.40892 0.0200885 0.0388744
1 0.695026 0.682216 0.117305 0.370637
1 0.328919 0.454662 0.0341564 0.115942
0 0.690498 0.544307 0.0470362 0.0717554
0 0.328264 0.409244 0.0202606 0.0398054
1 0.695024 0.682224 0.117304 0.370631
1 0.328972 0.454664 0.03407 0.116283
0 0.690497 0.544306 0.0470382 0.071754
0 0.328239 0.409291 0.0202498 0.0397765
1 0.695026 0.682216 0.117305 0.370637
1 0.328919 0.454662 0.0341564 0.115942
0 0.690498 0.544307 0.0470362 0.0717554
0 0.328264 0.409244 0.0202606 0.0398054
1 0.695027 0.682212 0.117309 0.370633
1 0.328921 0.454664 0.034164 0.115932
0 0.690497 0.544308 0.0470375 0.0717579
0 0.328267 0.409234 0.0202593 0.0397845
1 0.695026 0.682216 0.117305 0.370637
1 0.328919 0.454662 0.0341564 0.115942
0 0.690498 0.544307 0.0470362 0.0717554
0 0.328264 0.409244 0.0202606 0.0398054
1 0.695026 0.682216 0.117306 0.370629
1 0.32892 0.454663 0.0341592 0.115939
0 0.690497 0.544307 0.0470363 0.0717536
0 0.328265 0.409245 0.0202591 0.0398019
1 0.695013 0.68222 0.117323 0.370568
1 0.328948 0.454643 0.03427 0.115886
0 0.690499 0.544309 0.047014 0.0717414
0 0.328241 0.409259 0.0202533 0.0398025
1 0.695021 0.682215 0.117322 0.370597
1 0.32893 0.454655 0.0342022 0.115891
0 0.690497 0.544309 0.0470261 0.0717462
0 0.328249 0.409259 0.0202439 0.0397861
1 0.695022 0.682224 0.117305 0.370632
1 0.328923 0.454668 0.0341494 0.115924
0 0.690497 0.544314 0.0470415 0.0717556
0 0.328266 0.409237 0.0202536 0.0397703
1 0.695022 0.682227 0.117302 0.370644
1 0.328921 0.454664 0.0341546 0.115935
0 0.690494 0.544316 0.0470421 0.0717603
0 0.328264 0.409239 0.0202524 0.0397735
1 0.328928 0.454722 0.0336627 0.115625
0 0.328171 0.409738 0.0200253 0.0399101
1 0.328788 0.454911 0.0336478 0.116107
0 0.328217 0.409361 0.019727 0.0387581
1 0.694977 0.682465 0.117507 0.370997
0 0.690445 0.544313 0.047193 0.0720328
1 0.694977 0.682465 0.117507 0.370997
0 0.690445 0.544313 0.047193 0.0720328
1 0.695023 0.682278 0.117287 0.370693
1 0.328907 0.454768 0.0342529 0.115987
0 0.690485 0.544305 0.0470853 0.0717739
0 0.328234 0.409254 0.020118 0.0393575
1 0.695023 0.682278 0.117287 0.370693
1 0.328907 0.454768 0.0342529 0.115987
0 0.690485 0.544305 0.0470853 0.0717739
0 0.328234 0.409254 0.020118 0.0393575
1 0.695024 0.682275 0.117281 0.370687
1 0.328865 0.454736 0.034288 0.115948
0 0.690485 0.544306 0.0470888 0.071774
0 0.328249 0.409222 0.0201825 0.0393824
1 0.695024 0.682275 0.117281 0.370687
1 0.328865 0.454736 0.034288 0.115948
0 0.690485 0.544306 0.0470888 0.071774
0 0.328249 0.409222 0.0201825 0.0393824
1 0.695023 0.682271 0.117285 0.370703
1 0.328862 0.454734 0.0342936 0.115935
0 0.690487 0.544307 0.047086 0.0717728
0 0.328248 0.409219 0.0201791 0.0393848
1 0.695023 0.682271 0.117285 0.370703
1 0.328862 0.454734 0.0342936 0.115935
0 0.690487 0.544307 0.047086 0.0717728
0 0.328248 0.409219 0.0201791 0.0393848
1 0.695024 0.682281 0.117287 0.370703
1 0.328865 0.454736 0.0342898 0.115948
0 0.690487 0.544307 0.0470873 0.0717724
0 0.328248 0.40922 0.0201783 0.0393822
1 0.695024 0.682281 0.117287 0.370703
1 0.328865 0.454736 0.0342898 0.115948
0 0.690487 0.544307 0.0470873 0.0717724
0 0.328248 0.40922 0.0201783 0.0393822
1 0.695023 0.682273 0.117285 0.3707
1 0.328865 0.454738 0.0342883 0.115944
0 0.690487 0.544307 0.0470859 0.0717727
0 0.328249 0.409219 0.02018 0.0393833
1 0.695023 0.682273 0.117285 0.3707
1 0.328865 0.454738 0.0342883 0.115944
0 0.690487 0.544307 0.0470859 0.0717727
0 0.328249 0.409219 0.02018 0.0393833
1 0.695007 0.682281 0.117275 0.370615
1 0.328904 0.454704 0.03447 0.115922
0 0.690486 0.544303 0.0470539 0.071732
0 0.328222 0.409218 0.0201947 0.0394206
1 0.694983 0.682271 0.117246 0.370583
1 0.328908 0.454707 0.0344799 0.115926
0 0.690488 0.544317 0.0470298 0.0717304
0 0.328222 0.409222 0.0201987 0.0394331
1 0.695013 0.682233 0.117303 0.370557
1 0.328891 0.454711 0.0343698 0.11592
0 0.690492 0.544308 0.0470224 0.0717345
0 0.328237 0.409207 0.0201796 0.0393831
1 0.695028 0.682234 0.117294 0.37065
1 0.328884 0.454707 0.0342439 0.115878
0 0.690494 0.544312 0.0470391 0.0717582
0 0.328254 0.409235 0.0202244 0.0396107
1 0.695027 0.682222 0.117311 0.370629
1 0.328893 0.45469 0.0342274 0.115865
0 0.690497 0.544308 0.047036 0.0717554
0 0.328256 0.409266 0.0202728 0.0398177
1 0.329115 0.454716 0.0332224 0.114278
0 0.327926 0.410605 0.0199408 0.040264
1 0.329035 0.454931 0.033113 0.114089
0 0.328009 0.410199 0.0197174 0.0393279
1 0.694914 0.682679 0.117768 0.371495
0 0.690447 0.544304 0.0471648 0.0720023
1 0.695047 0.683003 0.118553 0.372165
0 0.690443 0.544399 0.0473021 0.0722461
1 0.695115 0.682782 0.118848 0.371659
1 0.328876 0.45482 0.0339728 0.115646
0 0.690503 0.544417 0.0471758 0.0720306
0 0.328299 0.409093 0.0198809 0.0385294
1 0.6951 0.682897 0.118785 0.371811
1 0.328835 0.453955 0.0343377 0.116532
0 0.690488 0.544486 0.0473053 0.072335
0 0.32795 0.410587 0.0196095 0.0397237
1 0.695093 0.682859 0.11893 0.37149
0 0.690483 0.544467 0.0472832 0.0722457
1 0.328822 0.454225 0.0339267 0.117066
0 0.327988 0.410222 0.0194377 0.0388591
1 0.695101 0.682823 0.11876 0.371578
0 0.69048 0.544495 0.0473475 0.0723769
1 0.328646 0.453605 0.0334789 0.115118
0 0.327821 0.4111 0.0194649 0.0397306
1 0.695095 0.682827 0.118776 0.371595
0 0.690483 0.544494 0.0473469 0.0723791
1 0.328739 0.453706 0.0331734 0.115314
0 0.327785 0.411349 0.0195085 0.0400784
1 0.695101 0.682877 0.118932 0.371525
0 0.690485 0.544468 0.0472856 0.072251
1 0.328617 0.453798 0.0334163 0.115112
0 0.327903 0.410653 0.0192094 0.0385128
1 0.695084 0.682802 0.118794 0.371516
0 0.690485 0.5445 0.0473143 0.072332
1 0.328664 0.453599 0.033428 0.114955
0 0.32782 0.41116 0.0194531 0.0397286
1 0.69508 0.682801 0.118805 0.371533
0 0.690481 0.544497 0.0473175 0.0723382
1 0.328736 0.45371 0.0331896 0.115327
0 0.327782 0.411371 0.0195136 0.0401164
1 0.69508 0.682803 0.118793 0.371526
0 0.690484 0.5445 0.0473187 0.0723386
1 0.328665 0.45361 0.033456 0.114969
0 0.327813 0.411209 0.0194687 0.0398304
1 0.695086 0.682805 0.118793 0.371535
0 0.690484 0.544499 0.0473282 0.0723445
1 0.328672 0.453606 0.0334479 0.114989
0 0.327817 0.411181 0.0194543 0.0397471
1 0.69509 0.68281 0.118782 0.371527
0 0.690483 0.544499 0.0473274 0.0723525
1 0.328667 0.453606 0.0334547 0.114955
0 0.327813 0.411204 0.019466 0.03981
1 0.695093 0.682814 0.118777 0.371544
0 0.690482 0.544499 0.0473339 0.0723555
1 0.328666 0.453604 0.0334578 0.114946
0 0.327814 0.411202 0.0194658 0.0398107
1 0.695093 0.68282 0.118772 0.371538
0 0.690484 0.544496 0.0473337 0.0723552
1 0.328668 0.453608 0.0334537 0.114935
0 0.327814 0.411198 0.0194661 0.0398078
1 0.695095 0.682821 0.118775 0.371558
0 0.690482 0.544496 0.047337 0.0723623
1 0.328666 0.453604 0.0334415 0.114931
0 0.327815 0.411197 0.0194691 0.0398039
1 0.695098 0.682821 0.118778 0.37157
0 0.690483 0.544493 0.0473357 0.0723597
1 0.328666 0.453603 0.0334497 0.114932
0 0.327816 0.411195 0.0194617 0.0397972
1 0.695098 0.682831 0.118768 0.371579
0 0.690483 0.544495 0.0473366 0.0723644
1 0.328666 0.453602 0.0334387 0.114928
0 0.327817 0.411193 0.0194653 0.0398024
1 0.695099 0.682828 0.11876 0.371591
0 0.690481 0.544491 0.0473444 0.0723686
1 0.328666 0.453601 0.0334436 0.114923
0 0.327818 0.411194 0.0194675 0.0397993
1 0.6951 0.682828 0.118761 0.371576
0 0.690482 0.544493 0.0473427 0.0723686
1 0.328665 0.453601 0.0334406 0.114918
0 0.327817 0.411191 0.0194635 0.039789
1 0.695099 0.682829 0.118763 0.371584
0 0.690483 0.544492 0.0473428 0.0723712
1 0.328664 0.453605 0.0334324 0.114907
0 0.327816 0.411188 0.0194618 0.0397819
1 0.6951 0.682826 0.118759 0.371588
0 0.690482 0.544496 0.0473425 0.0723734
1 0.328663 0.453602 0.0334336 0.114909
0 0.327817 0.411186 0.0194655 0.039793
1 0.695099 0.682796 0.118904 0.371459
0 0.690491 0.54447 0.0472455 0.0722372
1 0.328627 0.453693 0.0334385 0.115055
0 0.327903 0.410775 0.0192378 0.0386144
1 0.695101 0.682829 0.118759 0.371579
0 0.690484 0.544495 0.0473452 0.0723782
1 0.328665 0.453605 0.0334285 0.1149
0 0.327817 0.411185 0.019464 0.039789
1 0.695098 0.6828 0.118913 0.371461
0 0.690489 0.544469 0.0472476 0.0722423
1 0.328578 0.453767 0.033493 0.115272
0 0.327898 0.410777 0.0192425 0.0386044
1 0.695099 0.682828 0.118759 0.371582
0 0.690483 0.544493 0.0473429 0.0723692
1 0.328661 0.453599 0.0334344 0.114904
0 0.327817 0.411184 0.0194653 0.0397883
1 0.695094 0.682833 0.118768 0.371591
0 0.690481 0.544494 0.0473459 0.0723863
1 0.328613 0.453691 0.0335148 0.11516
0 0.327814 0.411176 0.0194544 0.0397254
1 0.695099 0.682828 0.118759 0.371582
0 0.690483 0.544493 0.0473429 0.0723692
1 0.328661 0.453599 0.0334344 0.114904
0 0.327817 0.411184 0.0194653 0.0397883
1 0.6951 0.68283 0.11876 0.371578
0 0.69048 0.544495 0.0473467 0.0723731
1 0.328661 0.453601 0.033427 0.114929
0 0.327817 0.411161 0.0194557 0.0397447
1 0.695096 0.682802 0.118904 0.371455
0 0.69049 0.544474 0.0472582 0.0722511
1 0.328628 0.453704 0.033433 0.115055
0 0.327904 0.410779 0.0192454 0.0386273
1 0.695098 0.68283 0.118756 0.371577
0 0.690484 0.544494 0.0473429 0.0723726
1 0.328662 0.453599 0.0334304 0.114906
0 0.327816 0.411186 0.0194656 0.039805
1 0.695097 0.682831 0.118761 0.37159
0 0.690482 0.544495 0.0473478 0.0723775
1 0.328664 0.453669 0.033402 0.115109
0 0.327811 0.411228 0.0194808 0.0398868
1 0.6951 0.682828 0.118758 0.371585
0 0.690482 0.544499 0.0473452 0.0723799
1 0.328663 0.453601 0.0334312 0.114898
0 0.327817 0.411184 0.0194641 0.0397918
1 0.695101 0.682828 0.11876 0.371578
0 0.690484 0.544497 0.0473429 0.0723758
1 0.328657 0.453596 0.0334424 0.114965
0 0.327819 0.411154 0.0194662 0.0397749
1 0.695099 0.682828 0.118759 0.371582
0 0.690483 0.544493 0.0473429 0.0723692
1 0.328661 0.453599 0.0334344 0.114904
0 0.327817 0.411184 0.0194653 0.0397883
1 0.6951 0.682829 0.118759 0.371579
0 0.690482 0.544493 0.0473423 0.0723714
1 0.328662 0.453601 0.0334302 0.114903
0 0.327817 0.411186 0.0194661 0.0397937
1 0.695099 0.682828 0.118759 0.371582
0 0.690483 0.544493 0.0473429 0.0723692
1 0.328661 0.453599 0.0334344 0.114904
0 0.327817 0.411184 0.0194653 0.0397883
1 0.69509 0.682798 0.118909 0.371454
0 0.69049 0.544475 0.0472603 0.0722521
1 0.328626 0.453704 0.0334412 0.115054
0 0.327903 0.410782 0.0192439 0.0386294
1 0.695099 0.682828 0.118759 0.371582
0 0.690483 0.544493 0.0473429 0.0723692
1 0.328661 0.453599 0.0334344 0.114904
0 0.327817 0.411184 0.0194653 0.0397883
1 0.695099 0.682829 0.118769 0.371596
0 0.690482 0.544494 0.0473458 0.0723774
1 0.328665 0.453667 0.0333971 0.115116
0 0.32781 0.41123 0.0194802 0.0398893
1 0.695099 0.682828 0.118759 0.371582
0 0.690483 0.544493 0.0473429 0.0723692
1 0.328661 0.453599 0.0334344 0.114904
0 0.327817 0.411184 0.0194653 0.0397883
1 0.695101 0.682828 0.11876 0.371578
0 0.690484 0.544497 0.0473429 0.0723758
1 0.328657 0.453596 0.0334424 0.114965
0 0.327819 0.411154 0.0194662 0.0397749
1 0.695099 0.682828 0.118759 0.371582
0 0.690483 0.544493 0.0473429 0.0723692
1 0.328661 0.453599 0.0334344 0.114904
0 0.327817 0.411184 0.0194653 0.0397883
1 0.6951 0.682829 0.118759 0.371579
0 0.690482 0.544493 0.0473423 0.0723714
1 0.328662 0.453601 0.0334302 0.114903
0 0.327817 0.411186 0.0194661 0.0397937
1 0.695099 0.682828 0.118759 0.371582
0 0.690483 0.544493 0.0473429 0.0723692
1 0.328661 0.453599 0.0334344 0.114904
0 0.327817 0.411184 0.0194653 0.0397883
1 0.6951 0.682828 0.118758 0.37158
0 0.690483 0.544498 0.0473442 0.0723748
1 0.328663 0.453603 0.0334299 0.114903
0 0.327818 0.411187 0.0194665 0.039795
1 0.695099 0.682828 0.118759 0.371582
0 0.690483 0.544493 0.0473429 0.0723692
1 0.328661 0.453599 0.0334344 0.114904
0 0.327817 0.411184 0.0194653 0.0397883
1 0.695099 0.682828 0.118759 0.371582
0 0.690483 0.544493 0.0473429 0.0723692
1 0.328661 0.453599 0.0334344 0.114904
0 0.327817 0.411184 0.0194653 0.0397883
1 0.695099 0.682828 0.118759 0.371582
0 0.690483 0.544493 0.0473429 0.0723692
1 0.328661 0.453599 0.0334344 0.114904
0 0.327817 0.411184 0.0194653 0.0397883
1 0.695099 0.682828 0.118759 0.371582
0 0.690483 0.544493 0.0473429 0.0723692
1 0.328661 0.453599 0.0334344 0.114904
0 0.327817 0.411184 0.0194653 0.0397883
1 0.695098 0.682801 0.118905 0.371461
0 0.690489 0.544474 0.0472565 0.0722508
1 0.328626 0.453705 0.0334415 0.115042
0 0.327904 0.410783 0.0192451 0.0386338
1 0.695099 0.682828 0.118759 0.371582
0 0.690483 0.544493 0.0473429 0.0723692
1 0.328661 0.453599 0.0334344 0.114904
0 0.327817 0.411184 0.0194653 0.0397883
1 0.695095 0.682799 0.118912 0.371452
0 0.690486 0.544475 0.0472671 0.0722609
1 0.328616 0.453756 0.0334124 0.115253
0 0.327891 0.410828 0.0192628 0.038733
1 0.695099 0.682828 0.118759 0.371582
0 0.690483 0.544493 0.0473429 0.0723692
1 0.328661 0.453599 0.0334344 0.114904
0 0.327817 0.411184 0.0194653 0.0397883
1 0.695098 0.682831 0.118761 0.371587
0 0.690482 0.544493 0.0473445 0.0723751
1 0.32865 0.45367 0.0334376 0.115167
0 0.327809 0.411219 0.019493 0.0399083
1 0.695092 0.682794 0.118919 0.371459
0 0.69049 0.544474 0.0472628 0.0722544
1 0.328625 0.453706 0.0334479 0.115046
0 0.327904 0.410783 0.0192454 0.0386345
1 0.695102 0.682826 0.118761 0.371581
0 0.690483 0.544496 0.0473429 0.0723735
1 0.32866 0.453598 0.0334372 0.114976
0 0.327817 0.411153 0.0194675 0.0397783
1 0.695096 0.682829 0.11876 0.371596
0 0.690481 0.544496 0.0473427 0.0723801
1 0.328661 0.453671 0.0334127 0.115123
0 0.327811 0.411229 0.0194819 0.039874
1 0.695099 0.682827 0.118761 0.371576
0 0.690483 0.544495 0.0473448 0.0723741
1 0.328663 0.453605 0.0334297 0.114906
0 0.327817 0.411188 0.019466 0.039792
1 0.695098 0.682832 0.118756 0.371577
0 0.690484 0.544497 0.047349 0.0723822
1 0.328659 0.453596 0.0334378 0.114976
0 0.327818 0.411152 0.0194648 0.0397731
1 0.6951 0.682828 0.118758 0.37158
0 0.690483 0.544498 0.0473442 0.0723748
1 0.328663 0.453603 0.0334299 0.114903
0 0.327818 0.411187 0.0194665 0.039795
1 0.6951 0.682829 0.118759 0.371579
0 0.690482 0.544493 0.0473423 0.0723714
1 0.328662 0.453601 0.0334302 0.114903
0 0.327817 0.411186 0.0194661 0.0397937
1 0.695099 0.682828 0.118759 0.371582
0 0.690483 0.544493 0.0473429 0.0723692
1 0.328661 0.453599 0.0334344 0.114904
0 0.327817 0.411184 0.0194653 0.0397883
1 0.6951 0.682828 0.118758 0.37158
0 0.690483 0.544498 0.0473442 0.0723748
1 0.328663 0.453603 0.0334299 0.114903
0 0.327818 0.411187 0.0194665 0.039795
1 0.695099 0.682828 0.118759 0.371582
0 0.690483 0.544493 0.0473429 0.0723692
1 0.328661 0.453599 0.0334344 0.114904
0 0.327817 0.411184 0.0194653 0.0397883
1 0.69509 0.682802 0.118911 0.371458
0 0.690488 0.544474 0.0472582 0.0722545
1 0.328623 0.45372 0.0334518 0.115063
0 0.327905 0.410766 0.0192344 0.0385849
1 0.695099 0.682828 0.118759 0.371582
0 0.690483 0.544493 0.0473429 0.0723692
1 0.328661 0.453599 0.0334344 0.114904
0 0.327817 0.411184 0.0194653 0.0397883
1 0.695097 0.682832 0.118767 0.371597
0 0.690483 0.544497 0.0473518 0.0723775
1 0.328667 0.453663 0.0334002 0.1151
0 0.327811 0.411228 0.0194768 0.0398636
1 0.69509 0.682793 0.118911 0.371456
0 0.690489 0.544472 0.0472562 0.0722548
1 0.328624 0.453715 0.0334478 0.115057
0 0.327904 0.410772 0.0192398 0.0385881
1 0.695098 0.682832 0.118756 0.371577
0 0.690484 0.544497 0.047349 0.0723822
1 0.328659 0.453596 0.0334378 0.114976
0 0.327818 0.411152 0.0194648 0.0397731
1 0.695096 0.682831 0.118761 0.371592
0 0.690483 0.544493 0.0473463 0.0723801
1 0.328663 0.453669 0.0334026 0.115114
0 0.327809 0.411227 0.0194762 0.0398735
1 0.6951 0.682829 0.118759 0.371579
0 0.690482 0.544493 0.0473423 0.0723714
1 0.328662 0.453601 0.0334302 0.114903
0 0.327817 0.411186 0.0194661 0.0397937
1 0.695098 0.682832 0.118756 0.371577
0 0.690484 0.544497 0.047349 0.0723822
1 0.328659 0.453596 0.0334378 0.114976
0 0.327818 0.411152 0.0194648 0.0397731
1 0.6951 0.682828 0.118758 0.37158
0 0.690483 0.544498 0.0473442 0.0723748
1 0.328663 0.453603 0.0334299 0.114903
0 0.327818 0.411187 0.0194665 0.039795
1 0.6951 0.682829 0.118759 0.371579
0 0.690482 0.544493 0.0473423 0.0723714
1 0.328662 0.453601 0.0334302 0.114903
0 0.327817 0.411186 0.0194661 0.0397937
1 0.695099 0.682828 0.118759 0.371582
0 0.690483 0.544493 0.0473429 0.0723692
1 0.328661 0.453599 0.0334344 0.114904
0 0.327817 0.411184 0.0194653 0.0397883
1 0.6951 0.682828 0.118758 0.37158
0 0.690483 0.544498 0.0473442 0.0723748
1 0.328663 0.453603 0.0334299 0.114903
0 0.327818 0.411187 0.0194665 0.039795
1 0.695099 0.682828 0.118759 0.371582
0 0.690483 0.544493 0.0473429 0.0723692
1 0.328661 0.453599 0.0334344 0.114904
0 0.327817 0.411184 0.0194653 0.0397883
1 0.695099 0.682828 0.118759 0.371582
0 0.690483 0.544493 0.0473429 0.0723692
1 0.328661 0.453599 0.0334344 0.114904
0 0.327817 0.411184 0.0194653 0.0397883
1 0.328618 0.45329 0.0330181 0.114285
0 0.327759 0.411547 0.0194329 0.040523
1 0.328702 0.453569 0.0326668 0.114703
0 0.327695 0.411728 0.0191501 0.0400149
1 0.694939 0.682905 0.119159 0.371701
0 0.690454 0.544486 0.0474154 0.0725005
1 0.694939 0.682905 0.119159 0.371701
0 0.690454 0.544486 0.0474154 0.0725005
1 0.6951 0.68279 0.1189 0.371446
0 0.690494 0.544475 0.0472465 0.0722479
1 0.328646 0.45377 0.0334483 0.115267
0 0.327903 0.410755 0.0192568 0.0386498
1 0.6951 0.682827 0.118761 0.371581
0 0.690483 0.544497 0.0473412 0.0723713
1 0.328676 0.453671 0.0334508 0.115087
0 0.32782 0.41114 0.0194685 0.0397651
1 0.695098 0.682833 0.118759 0.371595
0 0.690482 0.544497 0.0473482 0.0723793
1 0.32872 0.453694 0.0332855 0.115145
0 0.327808 0.411209 0.0194643 0.0398105
1 0.695099 0.682827 0.118759 0.371582
0 0.69048 0.544499 0.0473465 0.0723797
1 0.328663 0.453595 0.0334262 0.114935
0 0.327818 0.411167 0.0194612 0.0397536
1 0.6951 0.682829 0.118756 0.371573
0 0.690483 0.544496 0.0473426 0.0723731
1 0.328658 0.45359 0.0334374 0.114957
0 0.327815 0.411147 0.0194669 0.0397793
1 0.695099 0.682827 0.118758 0.371584
0 0.690484 0.544496 0.0473447 0.0723763
1 0.328662 0.453598 0.0334305 0.114894
0 0.327818 0.411181 0.019467 0.0397898
1 0.6951 0.682828 0.118759 0.371582
0 0.690484 0.544496 0.0473444 0.0723769
1 0.328663 0.453604 0.0334306 0.114904
0 0.327817 0.411186 0.0194659 0.0397946
1 0.6951 0.682787 0.118892 0.371429
0 0.690488 0.544473 0.0472603 0.0722542
1 0.328627 0.453677 0.0334522 0.11503
0 0.327893 0.410796 0.0192468 0.0386675
1 0.6951 0.682828 0.118755 0.371574
0 0.690482 0.544493 0.0473415 0.0723699
1 0.328663 0.453592 0.0334302 0.11489
0 0.327817 0.411192 0.0194657 0.0397953
1 0.695092 0.682827 0.118757 0.371569
0 0.690479 0.5445 0.0473456 0.0723813
1 0.328724 0.453698 0.0332625 0.115164
0 0.327811 0.411216 0.0194655 0.0398177
1 0.695094 0.68283 0.118749 0.37157
0 0.690481 0.544497 0.047345 0.0723769
1 0.328662 0.4536 0.0334287 0.114899
0 0.327819 0.411182 0.019466 0.0397849
1 0.695093 0.682824 0.118737 0.371553
0 0.690478 0.544501 0.0473532 0.0723852
1 0.328656 0.453605 0.0334416 0.114993
0 0.327813 0.411154 0.0194599 0.0397507
1 0.695095 0.682823 0.118729 0.371556
0 0.69048 0.5445 0.0473475 0.0723829
1 0.328654 0.453622 0.033442 0.114932
0 0.327812 0.411181 0.0194491 0.0397473
1 0.695096 0.683177 0.118827 0.372328
0 0.69048 0.544463 0.0472643 0.0722526
1 0.328636 0.453637 0.0334842 0.115042
0 0.327802 0.41116 0.0194673 0.0398016
1 0.695128 0.683134 0.118392 0.372449
0 0.690474 0.5444 0.0472206 0.0720913
1 0.328605 0.453748 0.0335498 0.115365
0 0.327798 0.411112 0.0194553 0.0397048
1 0.695058 0.682729 0.117323 0.371756
0 0.690474 0.544282 0.0470933 0.0718201
1 0.328587 0.453906 0.0336582 0.115984
0 0.327787 0.410901 0.0194635 0.039523
1 0.695071 0.68269 0.117355 0.371655
1 0.32874 0.454294 0.0345119 0.117646
0 0.690473 0.544271 0.0470811 0.0717783
0 0.327934 0.410315 0.0196493 0.039469
1 0.695063 0.682641 0.117339 0.371522
1 0.32886 0.454643 0.0342055 0.116052
0 0.690488 0.544267 0.0470308 0.0716831
0 0.328269 0.409048 0.0201168 0.0391224
1 0.695012 0.68258 0.117573 0.371365
1 0.3288 0.45478 0.0343676 0.116044
0 0.690497 0.54426 0.0469678 0.071625
0 0.328349 0.408787 0.0199251 0.0380455
1 0.695059 0.682645 0.11734 0.371514
1 0.32887 0.454666 0.0342531 0.116051
0 0.690486 0.544267 0.0470335 0.0716937
0 0.328262 0.409033 0.0201023 0.0390191
1 0.695054 0.682644 0.117335 0.371507
1 0.328879 0.454693 0.0342781 0.11626
0 0.690485 0.544267 0.047037 0.0716951
0 0.328254 0.409042 0.020101 0.0389787
1 0.695058 0.682641 0.11734 0.371512
1 0.328867 0.454666 0.0342532 0.116055
0 0.690485 0.544269 0.0470321 0.071693
0 0.328262 0.409036 0.0201015 0.0389984
1 0.695059 0.682646 0.117341 0.371512
1 0.328863 0.454661 0.0342668 0.116077
0 0.690486 0.544269 0.0470377 0.0716975
0 0.32826 0.409021 0.0201146 0.039039
1 0.695058 0.682643 0.117341 0.371517
1 0.328866 0.454665 0.0342517 0.116054
0 0.690488 0.544271 0.047032 0.0716941
0 0.328263 0.409035 0.020104 0.0390047
1 0.695058 0.682645 0.11734 0.371517
1 0.328867 0.454667 0.0342506 0.116053
0 0.690487 0.544267 0.0470331 0.0716924
0 0.328262 0.409038 0.0201007 0.0390009
1 0.695059 0.682644 0.117342 0.371516
1 0.328867 0.454668 0.0342497 0.116054
0 0.690487 0.54427 0.0470329 0.0716965
0 0.328262 0.409035 0.0201034 0.0390047
1 0.695056 0.682644 0.11734 0.3715
1 0.328867 0.454666 0.0342523 0.116059
0 0.690486 0.54427 0.0470352 0.0716973
0 0.328263 0.409039 0.0201047 0.0390089
1 0.695006 0.682595 0.117535 0.371394
1 0.328796 0.454786 0.0343792 0.116038
0 0.690504 0.544274 0.0469324 0.0715964
0 0.328349 0.408783 0.0199129 0.0379861
1 0.695017 0.682595 0.117536 0.371415
1 0.328795 0.454782 0.0343687 0.116046
0 0.69051 0.544276 0.04692 0.0715827
0 0.328349 0.408782 0.0199103 0.0379793
1 0.695052 0.682646 0.117316 0.371547
1 0.328879 0.454657 0.0342567 0.116247
0 0.690503 0.544281 0.0469696 0.0716378
0 0.328255 0.40907 0.0201464 0.0392182
1 0.695046 0.682633 0.11734 0.371536
1 0.328887 0.454639 0.0342345 0.11624
0 0.690507 0.544277 0.046962 0.0716374
0 0.328261 0.409097 0.0201912 0.0394259
1 0.329086 0.454724 0.0332395 0.114224
0 0.327982 0.410244 0.019813 0.039545
1 0.329642 0.453944 0.0341985 0.120278
0 0.327862 0.41111 0.0198634 0.040917
