0 0.1546875 0.43984375 0.0265625 0.034375
0 0.584375 0.43984375 0.0203125 0.025
0 0.34765625 0.44140625 0.0125 0.0171875
0 0.734375 0.44140625 0.0125 0.0125
2 0.43359375 0.4421875 0.0125 0.0140625
2 0.8296875 0.4421875 0.009375 0.0140625
0 0.928125 0.4421875 0.0140625 0.0140625
2 0.10234375 0.44375 0.0171875 0.0171875
2 0.30859375 0.44453125 0.0171875 0.0203125
1 0.734375 0.446875 0.0265625 0.025
1 0.93046875 0.4484375 0.034375 0.0265625
3 0.83046875 0.4484375 0.03125 0.0265625
3 0.4328125 0.4484375 0.0296875 0.0265625
1 0.34609375 0.44921875 0.0296875 0.0296875
3 0.10078125 0.4796875 0.04375 0.0890625
3 0.30859375 0.4859375 0.0453125 0.1015625
1 0.58671875 0.4890625 0.053125 0.1234375
1 0.16015625 0.50234375 0.075 0.159375