1 0.429362 0.667843 0.098988 0.356063
1 0.537901 0.599967 0.045326 0.136265
0 0.422668 0.536079 0.0435801 0.0694869
0 0.534559 0.548472 0.0181747 0.0288447
1 0.429031 0.675825 0.0898945 0.333308
1 0.243146 0.453545 0.0335888 0.113447
1 0.538189 0.59944 0.0451225 0.133486
0 0.534493 0.549137 0.0188377 0.0297844
0 0.239282 0.409212 0.0156597 0.0289286
0 0.43769 0.54287 0.0297007 0.0566197
0 0.437146 0.535361 0.0229656 0.0582399
1 0.429027 0.676651 0.089521 0.333629
1 0.5382 0.5996 0.0449537 0.133722
0 0.534487 0.549175 0.0187514 0.0297654
0 0.437729 0.542997 0.0299182 0.0569487
1 0.243923 0.455263 0.0277044 0.10466
0 0.437215 0.535343 0.023685 0.0582561
1 0.429064 0.676118 0.0903949 0.334817
1 0.538191 0.599563 0.0450216 0.133793
0 0.534487 0.549134 0.0187825 0.0297407
1 0.244097 0.45494 0.0273838 0.103099
0 0.437644 0.543717 0.0299889 0.0568242
0 0.43709 0.535505 0.0229689 0.058089
1 0.429133 0.676332 0.0900648 0.333161
1 0.538198 0.599504 0.0449486 0.133578
0 0.534486 0.549108 0.0188052 0.0297089
1 0.24397 0.456147 0.0279157 0.102356
0 0.437748 0.543832 0.0300033 0.0561623
1 0.429106 0.676425 0.0900767 0.33334
1 0.538203 0.59952 0.0449724 0.133598
0 0.534485 0.549107 0.0188036 0.0297017
0 0.437754 0.543859 0.0299124 0.0561649
1 0.24434 0.455166 0.027591 0.103137
1 0.429143 0.676432 0.0899469 0.332967
1 0.538201 0.599502 0.0449565 0.133566
0 0.534485 0.549083 0.018796 0.0296575
1 0.244523 0.455194 0.0275954 0.103961
0 0.437716 0.543807 0.0298277 0.0560619
1 0.429137 0.676484 0.0899597 0.333021
1 0.538196 0.599507 0.0449726 0.133574
0 0.534485 0.549083 0.0188009 0.0296602
1 0.244364 0.456486 0.028357 0.102536
0 0.437718 0.543809 0.029883 0.0560956
1 0.429129 0.676458 0.0899964 0.332882
1 0.5382 0.599506 0.0449669 0.133573
0 0.534487 0.549087 0.0187972 0.0296594
1 0.244385 0.456297 0.028428 0.102942
0 0.437724 0.543807 0.0298517 0.0560541
1 0.429123 0.676484 0.0899599 0.333086
1 0.538195 0.599509 0.0449925 0.133585
0 0.534486 0.54909 0.0188046 0.0296723
1 0.244311 0.456567 0.0282823 0.101871
0 0.437728 0.543805 0.0298496 0.0560569
1 0.429563 0.682716 0.0918569 0.348685
1 0.538219 0.599318 0.0451816 0.133372
0 0.534497 0.549043 0.0188147 0.0295842
1 0.244351 0.456424 0.0279662 0.102524
0 0.437833 0.543654 0.0300991 0.056119
0 0.437278 0.535347 0.0231596 0.0576172
1 0.429507 0.682501 0.091773 0.34841
1 0.538206 0.599306 0.0451609 0.133329
0 0.534494 0.549037 0.0188214 0.0295747
0 0.43782 0.543619 0.0300604 0.056126
1 0.244512 0.45769 0.026974 0.105896
0 0.437264 0.535349 0.023129 0.0576122
1 0.42955 0.682451 0.0919811 0.348543
1 0.538194 0.599328 0.0451078 0.133343
0 0.534492 0.549033 0.0188299 0.0295973
0 0.437851 0.543698 0.0302257 0.0562511
1 0.244473 0.457259 0.0270829 0.105124
0 0.437286 0.53537 0.0232077 0.0576831
1 0.429108 0.676254 0.0901514 0.333127
1 0.538188 0.599513 0.04498 0.133595
0 0.534485 0.549101 0.0188046 0.0297046
0 0.437751 0.54384 0.0299241 0.056185
1 0.244413 0.45604 0.0275769 0.10332
1 0.429123 0.676207 0.0901113 0.333138
1 0.538192 0.599524 0.0449774 0.133609
0 0.534485 0.549115 0.0188041 0.029709
0 0.437761 0.543854 0.029951 0.0561803
1 0.244304 0.45508 0.0276091 0.103559
1 0.429123 0.67644 0.0899685 0.333049
1 0.538202 0.599522 0.0449854 0.133596
0 0.534486 0.549095 0.0187944 0.0296581
1 0.244357 0.456279 0.0281953 0.103107
0 0.437721 0.543813 0.0297944 0.0560568
1 0.42913 0.676455 0.0899708 0.333071
1 0.538191 0.599503 0.0449826 0.133575
0 0.534485 0.549088 0.0187937 0.0296599
1 0.244228 0.456497 0.0281357 0.102608
0 0.437737 0.543798 0.0298466 0.056072
1 0.42911 0.676412 0.0900198 0.332957
1 0.538191 0.599499 0.0449625 0.133567
0 0.534482 0.549083 0.0188059 0.0296764
1 0.24428 0.456476 0.0281359 0.102626
0 0.437732 0.543791 0.0299307 0.0560917
