1 0.572248 0.687562 0.0961361 0.35988
0 0.566523 0.551406 0.0450975 0.0717224
1 0.680071 0.615864 0.0458508 0.137165
0 0.67873 0.564075 0.0173748 0.028323
1 0.571945 0.687834 0.0996958 0.361097
0 0.566451 0.551085 0.0450507 0.0710759
1 0.680029 0.615958 0.0458027 0.137329
0 0.678677 0.564027 0.0173304 0.0282421
1 0.236472 0.346587 0.0318085 0.116077
0 0.23427 0.302297 0.01452 0.0272512
3 0.237087 0.344973 0.0316594 0.113328
1 0.572319 0.687986 0.0995348 0.361049
0 0.566436 0.551114 0.0450891 0.0711092
1 0.680041 0.615982 0.0458269 0.13734
1 0.236448 0.346731 0.0324333 0.116366
0 0.678681 0.564032 0.0173224 0.0282479
0 0.234109 0.302699 0.0149416 0.0280523
1 0.572327 0.687981 0.099463 0.360874
0 0.566512 0.551115 0.0449245 0.0709001
1 0.680041 0.615941 0.0457527 0.137375
1 0.236718 0.34696 0.0323505 0.116741
0 0.678688 0.56401 0.0173286 0.028243
0 0.234215 0.302652 0.0148751 0.0278355
1 0.572328 0.687815 0.0996157 0.360727
0 0.566483 0.551147 0.0450108 0.0710974
1 0.680048 0.615933 0.0457896 0.137366
1 0.236821 0.347014 0.0322626 0.116434
0 0.678691 0.563997 0.0173121 0.0281889
0 0.234274 0.302965 0.0150228 0.0283487
1 0.572235 0.686975 0.0966804 0.358428
0 0.566485 0.551135 0.0450035 0.0710913
1 0.680042 0.615908 0.0458374 0.137407
1 0.236975 0.345659 0.0326503 0.114916
0 0.678699 0.563988 0.017313 0.0281787
0 0.234099 0.303062 0.0151109 0.028524
1 0.572322 0.687872 0.099527 0.360764
0 0.566476 0.55118 0.045025 0.071133
1 0.680042 0.61595 0.0457954 0.137377
1 0.236639 0.346758 0.0326777 0.116009
0 0.678693 0.564007 0.017322 0.0282104
0 0.234145 0.30301 0.0151224 0.0284467
1 0.572324 0.687795 0.0995985 0.360649
0 0.566487 0.551231 0.0450888 0.0712765
1 0.680047 0.615921 0.045836 0.137371
1 0.236583 0.346587 0.0324927 0.115788
0 0.678699 0.563992 0.0173155 0.0281688
0 0.234075 0.302973 0.0150826 0.028423
1 0.572348 0.687852 0.0995361 0.36072
0 0.566485 0.551219 0.045025 0.0712046
1 0.680047 0.615931 0.0458244 0.137373
1 0.236592 0.346747 0.0323392 0.116012
0 0.678699 0.563999 0.0173075 0.0281809
0 0.23409 0.303059 0.0150085 0.0285482
1 0.57217 0.693474 0.101514 0.373374
0 0.566464 0.551233 0.0449854 0.07126
1 0.679938 0.615512 0.0457565 0.136827
1 0.236657 0.346414 0.0325152 0.115592
0 0.678706 0.564016 0.017379 0.0283465
0 0.234122 0.302869 0.0150327 0.0282596
1 0.572327 0.687779 0.0995291 0.360627
0 0.566487 0.551209 0.0450093 0.0710926
1 0.680041 0.615923 0.0458276 0.137356
1 0.23669 0.350752 0.0322018 0.125332
0 0.678697 0.564 0.01733 0.0282073
0 0.234053 0.302951 0.0153012 0.0290169
3 0.237422 0.349057 0.0320606 0.122206
1 0.572335 0.687694 0.0995796 0.360548
0 0.566478 0.551139 0.0450316 0.0711553
1 0.680042 0.615911 0.0458132 0.137385
1 0.236628 0.346957 0.0323507 0.116402
0 0.678696 0.563986 0.0173264 0.0281992
0 0.234112 0.303026 0.0149838 0.0284449
1 0.572307 0.688059 0.0993654 0.360948
0 0.566502 0.551169 0.044935 0.0709759
1 0.680038 0.615935 0.0457703 0.137353
1 0.236627 0.347184 0.0324846 0.11677
0 0.678688 0.564013 0.017333 0.0282549
0 0.234194 0.303024 0.0150357 0.0284654
1 0.572346 0.68777 0.0995355 0.360578
0 0.56648 0.551179 0.0450397 0.0711755
1 0.680041 0.615944 0.0458119 0.137379
1 0.237056 0.345638 0.0326926 0.114801
0 0.678696 0.564009 0.0173172 0.0282028
0 0.234249 0.302912 0.0151257 0.0282927
1 0.572332 0.687751 0.0995897 0.360671
0 0.56648 0.551128 0.0450214 0.0710492
1 0.680042 0.615931 0.0458278 0.13737
1 0.236669 0.34683 0.0325653 0.116161
0 0.678692 0.564 0.017322 0.0281984
0 0.234162 0.303052 0.0150767 0.0285064
1 0.572356 0.687787 0.0994972 0.360613
0 0.566489 0.551228 0.0450297 0.0711925
1 0.680046 0.615933 0.0458366 0.137381
1 0.236533 0.346745 0.0326516 0.116061
0 0.678703 0.564006 0.0173163 0.0281891
0 0.234107 0.30292 0.0150418 0.0282762
1 0.572309 0.687943 0.0995561 0.360863
0 0.566476 0.5512 0.0450704 0.071267
1 0.680039 0.615954 0.0457981 0.137389
1 0.236687 0.346761 0.032269 0.116045
0 0.678689 0.564008 0.017322 0.0282187
0 0.234118 0.30304 0.0149473 0.0284767
1 0.572326 0.687789 0.0995613 0.360648
0 0.566482 0.551198 0.0450546 0.0711971
1 0.680046 0.615949 0.0458168 0.137364
1 0.236624 0.346704 0.0324463 0.115915
0 0.678696 0.564013 0.0173148 0.0281872
0 0.234136 0.30293 0.0150201 0.0282888
1 0.572328 0.687904 0.0995184 0.360762
0 0.566488 0.551279 0.0450269 0.0713027
1 0.680041 0.615932 0.0458406 0.137375
1 0.236596 0.347081 0.0321658 0.116415
0 0.678697 0.564011 0.0173335 0.0282146
0 0.234128 0.303097 0.0149651 0.0284977
1 0.571976 0.687433 0.0998083 0.360507
0 0.566478 0.551138 0.0450537 0.0711433
1 0.680044 0.615913 0.0458025 0.137364
1 0.236621 0.346825 0.0323364 0.11609
0 0.678693 0.563989 0.0173313 0.0282093
0 0.234157 0.302987 0.0149719 0.0283523
1 0.572337 0.687794 0.0995503 0.360646
0 0.566494 0.551206 0.0450359 0.0712501
1 0.680043 0.615926 0.0458236 0.137385
1 0.23665 0.34664 0.032546 0.115783
0 0.678695 0.563999 0.0173263 0.0282091
0 0.234098 0.302941 0.0150744 0.0282721
1 0.572366 0.687775 0.0995735 0.360652
0 0.566477 0.551168 0.0450308 0.0711341
1 0.680034 0.615935 0.0458246 0.137362
1 0.23665 0.346867 0.0324976 0.116183
0 0.678703 0.564008 0.0173176 0.0281929
0 0.234142 0.302983 0.0150085 0.0283544
1 0.572387 0.68773 0.0995291 0.360669
0 0.566483 0.551173 0.0449627 0.071052
1 0.680034 0.615926 0.0458304 0.137361
1 0.236645 0.346869 0.03248 0.116159
0 0.678701 0.563999 0.0173064 0.0281721
0 0.234107 0.303039 0.0150788 0.0284557
1 0.572356 0.687769 0.099585 0.360627
0 0.566483 0.551167 0.0450312 0.0711035
1 0.680036 0.615921 0.0458149 0.137334
1 0.236595 0.346741 0.0325691 0.115908
0 0.678697 0.563998 0.0173127 0.0281829
0 0.234163 0.302968 0.0150118 0.0283286
1 0.572332 0.687833 0.0994937 0.360699
0 0.566485 0.551256 0.0450098 0.0711801
1 0.680029 0.615916 0.045848 0.137328
1 0.236966 0.345776 0.0326574 0.115196
0 0.678701 0.563998 0.0173225 0.028185
0 0.234079 0.3031 0.0151267 0.0286343
1 0.572165 0.687268 0.0966318 0.358897
0 0.566491 0.551214 0.0449742 0.0709846
1 0.680034 0.615906 0.0457508 0.13729
1 0.236465 0.346885 0.0322398 0.116435
0 0.678717 0.563997 0.0174218 0.0282777
0 0.234053 0.302924 0.0149274 0.028289
1 0.572306 0.687876 0.0994995 0.360807
0 0.566503 0.551232 0.0449858 0.0710254
1 0.680019 0.615945 0.0457365 0.137332
1 0.236497 0.347035 0.0323274 0.116619
0 0.678717 0.564012 0.0174205 0.0282973
0 0.234136 0.303057 0.0149695 0.0285106
1 0.572365 0.687657 0.0995753 0.360548
0 0.566481 0.55112 0.0449537 0.0709069
1 0.680041 0.615894 0.0457308 0.13732
1 0.236635 0.346984 0.031935 0.116377
0 0.678717 0.563976 0.017406 0.0282548
0 0.234189 0.303016 0.0148324 0.0283332
1 0.572325 0.687777 0.0995651 0.360655
0 0.566506 0.551245 0.0449627 0.0709785
1 0.680037 0.615925 0.0457819 0.137322
1 0.236567 0.347132 0.0321339 0.116783
0 0.678719 0.563996 0.0174053 0.0282505
0 0.234137 0.302947 0.014832 0.0281947
1 0.57219 0.686906 0.0969147 0.358421
0 0.566486 0.551032 0.0450247 0.070775
1 0.680048 0.615904 0.0457687 0.137333
1 0.236546 0.347072 0.0321293 0.116623
0 0.678715 0.563978 0.0174123 0.0282528
0 0.234195 0.302988 0.0148694 0.0283595
1 0.571961 0.687593 0.0998263 0.360756
0 0.566494 0.551154 0.0449843 0.0709057
1 0.680045 0.615887 0.0457758 0.137343
1 0.23661 0.347011 0.0322991 0.116609
0 0.678717 0.563979 0.0174071 0.0282479
0 0.234168 0.30297 0.0149204 0.0283095
1 0.236903 0.346091 0.0326986 0.115403
0 0.233983 0.303377 0.0151331 0.0288228
