1 0.429371 0.667654 0.0992398 0.355765
1 0.537854 0.599881 0.0454577 0.13634
0 0.422989 0.535873 0.0440431 0.0732119
0 0.534577 0.548533 0.0182656 0.029051
1 0.429136 0.666686 0.0976049 0.352834
1 0.175567 0.314388 0.0324638 0.117599
1 0.537867 0.600083 0.0454035 0.136936
0 0.17198 0.268873 0.016523 0.0297271
0 0.422995 0.536492 0.0439989 0.0729838
0 0.534558 0.548606 0.0182027 0.0291132
1 0.429969 0.676273 0.0979809 0.370015
1 0.537859 0.599806 0.0453874 0.136321
1 0.175453 0.314285 0.0316137 0.114311
0 0.422566 0.536353 0.0434065 0.0688884
0 0.172597 0.26914 0.0148951 0.0265224
0 0.534581 0.548557 0.0181368 0.028885
1 0.4291 0.666696 0.0975068 0.352938
1 0.537879 0.60011 0.0452053 0.136886
1 0.175673 0.316718 0.0307391 0.119735
0 0.172423 0.269385 0.0152286 0.0276742
0 0.423008 0.536346 0.044064 0.0727778
0 0.534551 0.548545 0.0181944 0.0290281
1 0.429114 0.666776 0.0973936 0.352923
1 0.175166 0.314698 0.0317373 0.115194
1 0.537889 0.600088 0.0452114 0.136821
0 0.172409 0.269511 0.0153183 0.0277989
0 0.422999 0.536429 0.0440348 0.0728607
0 0.534551 0.548555 0.018192 0.0290391
1 0.429114 0.666781 0.0973977 0.352918
1 0.17515 0.314703 0.0317242 0.115154
1 0.537888 0.600093 0.0452127 0.136828
0 0.172407 0.269534 0.0153196 0.0278631
0 0.422996 0.536435 0.0440393 0.0728661
0 0.53455 0.548556 0.0181932 0.0290397
1 0.429114 0.666782 0.0973997 0.352923
1 0.175151 0.314697 0.0317214 0.115145
1 0.53789 0.600095 0.0452121 0.136837
0 0.172409 0.269532 0.0153162 0.027866
0 0.422996 0.536433 0.0440375 0.0728666
0 0.534551 0.548556 0.0181923 0.0290386
1 0.429114 0.666781 0.0973937 0.352933
1 0.175151 0.314698 0.031722 0.115151
1 0.537886 0.600094 0.0451895 0.136854
0 0.172408 0.269526 0.0153222 0.0278631
0 0.422995 0.536442 0.0440458 0.0728846
0 0.534547 0.548547 0.0181936 0.0290273
1 0.429111 0.666769 0.0973948 0.352913
1 0.175151 0.3147 0.0317185 0.115143
1 0.537885 0.600093 0.045187 0.136847
0 0.172406 0.269536 0.0153207 0.0278741
0 0.422996 0.536445 0.0440395 0.072876
0 0.534547 0.548547 0.0181912 0.0290256
1 0.429114 0.666761 0.0973975 0.352891
1 0.175151 0.314707 0.0317202 0.115153
1 0.537892 0.60008 0.0452008 0.136825
0 0.172406 0.269535 0.0153219 0.0278738
0 0.422998 0.536432 0.0440384 0.0728668
0 0.534547 0.548551 0.0181938 0.0290318
1 0.429115 0.666768 0.0974074 0.352901
1 0.17515 0.314708 0.0317109 0.115149
1 0.537891 0.600087 0.0451983 0.136841
0 0.17241 0.269536 0.0153174 0.0278641
0 0.423003 0.536454 0.0440349 0.0728841
0 0.534548 0.548557 0.0181929 0.0290373
1 0.429112 0.666765 0.0974102 0.352912
1 0.17515 0.314698 0.0317062 0.115135
1 0.53789 0.600091 0.0452024 0.136849
0 0.172412 0.269534 0.0153151 0.0278639
0 0.423002 0.536453 0.0440415 0.0728905
0 0.534548 0.548557 0.0181926 0.0290392
1 0.429114 0.666761 0.0974111 0.352909
1 0.175151 0.314703 0.0317113 0.11514
1 0.537886 0.600091 0.045201 0.136844
0 0.172412 0.26953 0.0153129 0.0278711
0 0.422999 0.536447 0.0440405 0.0728953
0 0.534547 0.548556 0.0181942 0.02904
1 0.429112 0.666774 0.0974022 0.352921
1 0.175153 0.314704 0.0317118 0.115144
1 0.537877 0.600102 0.045179 0.136899
0 0.172412 0.26953 0.0153133 0.0278705
0 0.422997 0.536451 0.0440606 0.0729115
0 0.534547 0.548553 0.0181898 0.0290338
1 0.429114 0.666768 0.0973963 0.35291
1 0.175151 0.314698 0.0317124 0.115129
1 0.53789 0.600087 0.0451887 0.136856
0 0.17241 0.269532 0.0153223 0.027862
0 0.422998 0.536442 0.0440397 0.0728794
0 0.534545 0.548544 0.0181938 0.0290263
1 0.429112 0.666776 0.0973976 0.352897
1 0.17515 0.314711 0.0317058 0.115151
1 0.537894 0.600088 0.0451873 0.136823
0 0.17241 0.269534 0.0153169 0.0278683
0 0.422998 0.53645 0.0440371 0.0728712
0 0.534549 0.548552 0.0181911 0.0290261
1 0.429111 0.666785 0.0973939 0.352909
1 0.175167 0.314674 0.0317051 0.115152
1 0.537888 0.600099 0.0452047 0.136806
0 0.172409 0.269509 0.0153215 0.0278978
0 0.422993 0.536449 0.0440574 0.0728866
0 0.534553 0.548562 0.0181903 0.0290397
1 0.429112 0.666792 0.0973867 0.352937
1 0.175164 0.314671 0.0317164 0.115151
1 0.537894 0.600093 0.0451668 0.136854
0 0.172406 0.269522 0.0153202 0.0279053
0 0.422993 0.536439 0.0440544 0.0728763
0 0.534545 0.548548 0.0181891 0.0290246
1 0.429113 0.66678 0.0973964 0.352909
1 0.175159 0.314685 0.0317142 0.115151
1 0.537892 0.600096 0.0451952 0.13682
0 0.172406 0.269521 0.0153268 0.0279016
0 0.422997 0.536439 0.0440361 0.0728613
0 0.534549 0.548555 0.0181925 0.0290309
1 0.429113 0.666782 0.0973919 0.352924
1 0.175154 0.314685 0.0317216 0.11514
1 0.537879 0.600108 0.0452125 0.13682
0 0.172406 0.269526 0.015324 0.027898
0 0.422997 0.536433 0.0440462 0.0728692
0 0.534552 0.548566 0.0181915 0.0290488
1 0.429112 0.666791 0.097386 0.352946
1 0.175162 0.314678 0.0317324 0.115158
1 0.537889 0.6001 0.0451666 0.136854
0 0.172407 0.269521 0.0153274 0.0278928
0 0.422994 0.536431 0.0440487 0.0728704
0 0.534545 0.548549 0.0181917 0.0290286
1 0.429111 0.66677 0.0973931 0.352914
1 0.175155 0.314696 0.0317259 0.115162
1 0.53789 0.600093 0.0451964 0.136822
0 0.172406 0.269531 0.0153234 0.0278689
0 0.422996 0.536438 0.0440363 0.0728673
0 0.534551 0.548556 0.0181894 0.0290391
1 0.429114 0.666782 0.0973943 0.352925
1 0.175151 0.314698 0.0317271 0.115156
1 0.537887 0.600099 0.0451926 0.13683
0 0.172406 0.26953 0.0153258 0.0278739
0 0.422996 0.536435 0.0440372 0.0728642
0 0.53455 0.548561 0.0181915 0.0290454
1 0.175036 0.315015 0.0317678 0.112456
0 0.171968 0.270707 0.0159282 0.0299782
