1 0.429105 0.667122 0.0945833 0.345143
1 0.537696 0.599807 0.0457399 0.13615
0 0.423549 0.53524 0.0454226 0.0700924
0 0.534514 0.548341 0.018234 0.0285677
1 0.429189 0.671462 0.0953922 0.355008
1 0.216755 0.391577 0.0300859 0.111108
1 0.537736 0.599874 0.0457024 0.136323
0 0.422952 0.537401 0.044657 0.0680128
0 0.534513 0.548485 0.0182081 0.0287188
0 0.215139 0.350647 0.0144147 0.0269327
1 0.429139 0.667151 0.0945827 0.34578
1 0.21722 0.392817 0.0301458 0.11293
1 0.53777 0.599802 0.0456614 0.136382
0 0.422956 0.537283 0.0446158 0.0678171
0 0.534502 0.54842 0.0182357 0.0286695
0 0.215322 0.351075 0.0146018 0.0276784
1 0.429135 0.667206 0.0944856 0.345848
1 0.216538 0.392307 0.0310473 0.111964
1 0.537774 0.5998 0.0456322 0.136377
0 0.422923 0.537328 0.0447296 0.0681731
0 0.534502 0.548444 0.0182271 0.0287014
0 0.215238 0.351256 0.0144977 0.0273318
1 0.429472 0.676666 0.0975579 0.365601
1 0.216458 0.392128 0.0309003 0.112638
1 0.537801 0.599715 0.0457208 0.136203
0 0.42301 0.537425 0.0443753 0.0678163
0 0.53452 0.548568 0.0182844 0.0288578
0 0.215213 0.351102 0.0144894 0.0272184
1 0.429145 0.666993 0.0945463 0.345818
1 0.217053 0.396923 0.0289518 0.120475
1 0.537772 0.599759 0.0456136 0.136325
0 0.422925 0.537355 0.0446892 0.0681114
0 0.534502 0.548424 0.0182228 0.028691
0 0.21531 0.351487 0.0147634 0.0278207
1 0.429141 0.667124 0.0944451 0.345777
1 0.216557 0.392267 0.0309201 0.113147
1 0.537771 0.59978 0.0456259 0.136355
0 0.422915 0.537331 0.044733 0.0681656
0 0.534501 0.548435 0.0182299 0.0286975
0 0.21524 0.351098 0.0145316 0.02739
1 0.429159 0.66701 0.0944834 0.34556
1 0.21648 0.392484 0.0310591 0.113575
1 0.537763 0.599788 0.0456392 0.136363
0 0.422926 0.537331 0.0447086 0.0681623
0 0.534501 0.548439 0.018228 0.0286965
0 0.215245 0.3511 0.0145445 0.0274208
1 0.429153 0.667071 0.0944612 0.345708
1 0.216514 0.392299 0.0310026 0.113281
1 0.53778 0.599792 0.045624 0.136373
0 0.422924 0.53733 0.0446963 0.0681338
0 0.534502 0.548441 0.0182215 0.0286886
0 0.215238 0.351051 0.0145085 0.0273868
1 0.429148 0.667152 0.0944771 0.34584
1 0.216453 0.392458 0.0310005 0.113576
1 0.537781 0.599783 0.0456074 0.136355
0 0.422924 0.537336 0.0447079 0.0681695
0 0.534501 0.548438 0.0182246 0.0286908
0 0.215222 0.351092 0.0145285 0.0274475
1 0.429131 0.66714 0.0945179 0.345811
1 0.216499 0.392497 0.030883 0.113865
1 0.537764 0.599774 0.0456293 0.136342
0 0.422927 0.537343 0.0447174 0.0682157
0 0.534504 0.548435 0.0182284 0.0286962
0 0.215194 0.351004 0.0145032 0.0274006
1 0.429148 0.667162 0.0944922 0.345839
1 0.216497 0.392429 0.0309962 0.113473
1 0.537767 0.599772 0.0456167 0.136342
0 0.422927 0.537341 0.0447226 0.0682155
0 0.534502 0.548436 0.0182232 0.0287011
0 0.215222 0.351083 0.0145427 0.027449
1 0.429121 0.667166 0.0944927 0.345768
1 0.216475 0.392372 0.0311358 0.113448
1 0.537765 0.599775 0.045636 0.13634
0 0.422926 0.537343 0.0447113 0.0681762
0 0.534503 0.548438 0.0182271 0.0287036
0 0.215236 0.351058 0.0145407 0.0273869
1 0.429148 0.66701 0.0944828 0.345628
1 0.21646 0.392428 0.0309907 0.113587
1 0.537776 0.599782 0.0456226 0.136345
0 0.422928 0.537337 0.044712 0.0681393
0 0.534503 0.548437 0.0182243 0.0286905
0 0.215196 0.351006 0.0145022 0.0274142
1 0.429553 0.674739 0.0967224 0.362129
1 0.216442 0.392298 0.0308527 0.113242
1 0.537747 0.59959 0.0458427 0.135943
0 0.422992 0.537134 0.0445429 0.0674179
0 0.53451 0.548362 0.0182766 0.0286085
0 0.215213 0.351039 0.0144709 0.0273083
1 0.42915 0.667033 0.0945277 0.345825
1 0.217197 0.395438 0.0290403 0.11731
1 0.537773 0.599762 0.0456098 0.136309
0 0.422931 0.537334 0.0446983 0.0681231
0 0.534505 0.548428 0.0182262 0.028693
0 0.215145 0.351815 0.0147899 0.0276166
1 0.429049 0.687828 0.0967024 0.361988
1 0.216394 0.392276 0.0308192 0.113369
1 0.532812 0.609415 0.0435369 0.13178
0 0.422058 0.545215 0.043054 0.0636423
0 0.531244 0.558359 0.0173972 0.0269354
0 0.215246 0.350991 0.014447 0.0273123
1 0.405677 0.790168 0.0566168 0.198983
0 0.404335 0.714357 0.0254597 0.044953
1 0.215832 0.397817 0.0299183 0.119682
1 0.469381 0.75216 0.0246199 0.0775346
