1 0.604663 0.771981 0.102118 0.369613
1 0.712755 0.699428 0.0411516 0.137579
0 0.597797 0.631226 0.0433041 0.070545
0 0.709902 0.646548 0.0163743 0.0256029
1 0.604313 0.772272 0.102316 0.370721
1 0.712744 0.699435 0.0411158 0.137405
1 0.27329 0.428181 0.0314682 0.11054
0 0.597709 0.631324 0.0434412 0.0700046
0 0.709911 0.646545 0.0163225 0.0254768
0 0.271189 0.387425 0.0146726 0.0264014
1 0.604423 0.772643 0.102095 0.370631
1 0.712748 0.699413 0.0411193 0.137425
1 0.273574 0.428314 0.0313268 0.110434
0 0.597673 0.631486 0.0435928 0.0703007
0 0.709905 0.646555 0.0163414 0.0254943
0 0.271074 0.387314 0.0141958 0.0259116
1 0.604351 0.773032 0.102063 0.370781
1 0.712748 0.699307 0.0410881 0.137398
1 0.273201 0.428831 0.0323131 0.111566
0 0.59768 0.631519 0.0435477 0.0703378
0 0.709896 0.646541 0.0163589 0.0255624
0 0.270996 0.387471 0.0146075 0.0264877
1 0.60434 0.77284 0.102073 0.370495
1 0.712757 0.699306 0.0410956 0.137394
1 0.273238 0.42869 0.0321959 0.11198
0 0.597683 0.631495 0.0434861 0.0701094
0 0.709899 0.646513 0.0163591 0.0255327
0 0.271057 0.387653 0.0148868 0.0269038
1 0.604425 0.772858 0.101961 0.370487
1 0.712751 0.699293 0.0410782 0.137401
1 0.273204 0.428642 0.0320891 0.112063
0 0.597688 0.631474 0.0435178 0.0701387
0 0.709898 0.646505 0.0163601 0.0254997
0 0.270964 0.387626 0.0148498 0.0269039
1 0.60436 0.772856 0.102048 0.370725
1 0.712746 0.699332 0.0411189 0.137433
1 0.273206 0.428661 0.0320453 0.1116
0 0.597691 0.631491 0.0434821 0.0702166
0 0.709902 0.646523 0.0163538 0.0255411
0 0.270974 0.387622 0.0147778 0.0267542
1 0.604363 0.77295 0.101994 0.370641
1 0.712753 0.699349 0.0411051 0.137408
1 0.273233 0.428674 0.0322509 0.111695
0 0.597681 0.631492 0.0435354 0.0702549
0 0.7099 0.646534 0.0163507 0.0255142
0 0.271064 0.387708 0.0148996 0.0270143
1 0.604378 0.772825 0.102045 0.370614
1 0.712749 0.699306 0.0410989 0.137404
1 0.273149 0.428473 0.0322567 0.112271
0 0.59769 0.631459 0.043523 0.0701676
0 0.709898 0.646512 0.0163601 0.0255357
0 0.271066 0.387609 0.0148821 0.0270503
1 0.604381 0.772823 0.102066 0.370596
1 0.712746 0.69932 0.0411078 0.137386
1 0.273304 0.428599 0.0322287 0.11179
0 0.597684 0.631467 0.0435112 0.0702751
0 0.709902 0.646521 0.0163488 0.0255198
0 0.271084 0.38773 0.0148457 0.0269683
1 0.604414 0.772427 0.10212 0.370625
1 0.712753 0.699318 0.0411131 0.137354
1 0.273092 0.428664 0.032261 0.111829
0 0.597704 0.631478 0.0435014 0.0702208
0 0.709901 0.646513 0.0163536 0.0254308
0 0.2711 0.387608 0.0148618 0.0269268
1 0.604366 0.772758 0.10202 0.370455
1 0.712756 0.699298 0.0410954 0.137389
1 0.27323 0.429056 0.0320558 0.111247
0 0.597685 0.631486 0.0434805 0.0700929
0 0.709901 0.646502 0.0163592 0.0255034
0 0.271016 0.387619 0.0147889 0.0268062
1 0.604375 0.772888 0.101998 0.37062
1 0.712751 0.699322 0.0411074 0.137402
1 0.273173 0.428697 0.0323208 0.11175
0 0.597667 0.63151 0.0435503 0.0702286
0 0.709901 0.646523 0.0163523 0.0255316
0 0.271078 0.38766 0.0148304 0.026867
1 0.604394 0.772889 0.102014 0.37072
1 0.712752 0.699323 0.0411072 0.13741
1 0.27319 0.428802 0.0321591 0.111714
0 0.597692 0.631494 0.0435308 0.0701803
0 0.709901 0.64652 0.0163546 0.0255191
0 0.270989 0.387667 0.0148854 0.0268643
1 0.604382 0.772928 0.102037 0.37079
1 0.712742 0.699325 0.0411189 0.137424
1 0.273178 0.428612 0.0323202 0.111723
0 0.597679 0.631467 0.0435428 0.0702859
0 0.709901 0.646529 0.0163516 0.0255401
0 0.271094 0.387703 0.0149074 0.0270293
1 0.604396 0.772585 0.102119 0.370734
1 0.712749 0.699332 0.0411341 0.137378
1 0.27306 0.428862 0.0323422 0.111976
0 0.59769 0.631485 0.0435292 0.0703542
0 0.709902 0.646534 0.016354 0.0254837
0 0.271021 0.387715 0.0149982 0.0270822
1 0.604348 0.772927 0.102016 0.370664
1 0.712757 0.699331 0.0410984 0.137414
1 0.273209 0.42892 0.0319495 0.111269
0 0.597679 0.631481 0.0435179 0.0702245
0 0.709902 0.646523 0.0163537 0.0255382
0 0.270972 0.387685 0.0148886 0.0269526
1 0.604374 0.772955 0.101992 0.370669
1 0.712753 0.699301 0.0410883 0.137381
1 0.273231 0.428506 0.0319997 0.111658
0 0.597688 0.631516 0.0434979 0.0701681
0 0.7099 0.646526 0.0163574 0.0255356
0 0.270996 0.387626 0.014869 0.0269182
1 0.604382 0.772879 0.102031 0.370663
1 0.712751 0.69933 0.0410916 0.137422
1 0.273227 0.428603 0.0322416 0.111944
0 0.597684 0.631492 0.043536 0.0702449
0 0.7099 0.646522 0.0163561 0.0255384
0 0.271087 0.387709 0.0148311 0.0269633
1 0.604372 0.772925 0.102067 0.370648
1 0.712746 0.699333 0.0411141 0.137453
1 0.273239 0.428593 0.0324155 0.111982
0 0.597693 0.631499 0.0435145 0.0702956
0 0.709904 0.646519 0.016357 0.0255624
0 0.27107 0.387689 0.0149563 0.0270864
1 0.604326 0.772862 0.102217 0.370627
1 0.712749 0.699289 0.0411024 0.137392
1 0.273199 0.428593 0.0322635 0.111839
0 0.597693 0.631484 0.0434079 0.0701288
0 0.709904 0.646506 0.0163563 0.0255324
0 0.271162 0.387721 0.0149104 0.0270736
1 0.6043 0.772913 0.102253 0.370831
1 0.712744 0.699299 0.0411089 0.137398
1 0.273258 0.428714 0.0320967 0.111776
0 0.597696 0.631522 0.0434304 0.0702785
0 0.709901 0.646524 0.0163613 0.0255625
0 0.271021 0.387743 0.0148203 0.0269541
1 0.604396 0.772866 0.102093 0.370622
1 0.712749 0.699306 0.0410927 0.137418
1 0.273271 0.428846 0.0323377 0.111775
0 0.597704 0.631485 0.0434443 0.0702313
0 0.709902 0.646517 0.016361 0.02556
0 0.271091 0.387753 0.0148261 0.0269264
1 0.604415 0.772756 0.102036 0.370564
1 0.712751 0.699306 0.0410914 0.137418
1 0.273216 0.428659 0.0321552 0.111697
0 0.597707 0.631446 0.043457 0.0701143
0 0.7099 0.646511 0.0163603 0.0255313
0 0.27105 0.387753 0.0149209 0.027009
1 0.604389 0.772927 0.101971 0.37059
1 0.712749 0.699302 0.0411045 0.137388
1 0.273216 0.428642 0.0320826 0.111794
0 0.597681 0.631529 0.0435227 0.0702201
0 0.7099 0.646525 0.0163601 0.0255411
0 0.271024 0.387712 0.0148774 0.0269828
1 0.604424 0.772815 0.102004 0.370532
1 0.712751 0.69932 0.0410914 0.137424
1 0.273228 0.42871 0.0320888 0.112047
0 0.597696 0.631459 0.0435179 0.0701912
0 0.709898 0.646513 0.0163557 0.0255136
0 0.271003 0.38765 0.0148783 0.0269112
1 0.604407 0.772893 0.102017 0.370723
1 0.712749 0.699322 0.0410975 0.137398
1 0.273257 0.428689 0.0323897 0.111587
0 0.597684 0.631463 0.0435342 0.0702334
0 0.709901 0.646526 0.0163516 0.0255269
0 0.27112 0.387819 0.0149256 0.0271319
1 0.604372 0.772879 0.102083 0.370819
1 0.712741 0.699309 0.0411088 0.137417
1 0.273209 0.428593 0.0322473 0.112021
0 0.597686 0.631434 0.0435218 0.0702445
0 0.709899 0.646527 0.0163492 0.0255391
0 0.271136 0.3877 0.0148849 0.0270362
1 0.604364 0.772895 0.10199 0.370477
1 0.712753 0.699307 0.041099 0.137376
1 0.273207 0.428683 0.0321213 0.111861
0 0.59767 0.63155 0.0435366 0.0702249
0 0.709899 0.646521 0.016353 0.0255186
0 0.271061 0.387695 0.0148135 0.0269358
1 0.604385 0.772735 0.10205 0.370556
1 0.712749 0.699318 0.0410963 0.137408
1 0.273211 0.4286 0.0321986 0.11175
0 0.597685 0.631482 0.0435387 0.0702509
0 0.709903 0.64652 0.0163488 0.0255047
0 0.27111 0.387615 0.0148315 0.0268251
1 0.604335 0.772993 0.102076 0.370804
1 0.712749 0.69934 0.0411139 0.137396
1 0.273161 0.428619 0.0321435 0.111711
0 0.597674 0.631477 0.043549 0.0702424
0 0.709902 0.64654 0.0163426 0.0255202
0 0.271086 0.387696 0.0147973 0.0269414
1 0.604406 0.772701 0.102044 0.370749
1 0.712754 0.699367 0.0411219 0.137366
1 0.273151 0.428848 0.0321672 0.112127
0 0.597684 0.63157 0.0435688 0.0703578
0 0.709901 0.646566 0.016349 0.0254777
0 0.271067 0.387656 0.0148697 0.0269935
1 0.604408 0.772883 0.101887 0.370527
1 0.712765 0.699318 0.0410749 0.1374
1 0.273135 0.42917 0.0320687 0.111417
0 0.597683 0.631514 0.0435266 0.0701725
0 0.7099 0.64652 0.0163504 0.0255076
0 0.271012 0.387682 0.0148827 0.0269289
1 0.604349 0.772772 0.102058 0.370548
1 0.712748 0.699331 0.0411233 0.137394
1 0.273298 0.428617 0.0321016 0.111826
0 0.597691 0.631484 0.0434675 0.0701646
0 0.7099 0.646524 0.0163513 0.0255187
0 0.271049 0.387614 0.0147063 0.0267219
