1 0.571861 0.687876 0.10007 0.361495
0 0.566511 0.55115 0.0450793 0.0712861
1 0.680058 0.615865 0.0458125 0.137202
0 0.678731 0.56407 0.0174247 0.0284085
1 0.572294 0.688022 0.0995657 0.361104
1 0.250378 0.376555 0.0317713 0.1139
0 0.566452 0.550928 0.0449462 0.0707477
1 0.680009 0.615954 0.0457447 0.137244
0 0.247776 0.332036 0.0154255 0.0302324
0 0.678681 0.564009 0.0173745 0.0282911
1 0.572275 0.687847 0.0995417 0.361017
1 0.250438 0.376676 0.0325293 0.115748
0 0.566436 0.551 0.0450203 0.0708714
1 0.680006 0.615945 0.0457748 0.137303
0 0.247651 0.331819 0.0158195 0.0304635
0 0.678689 0.564019 0.0173898 0.0283195
1 0.572388 0.687552 0.0996018 0.360557
1 0.250627 0.375955 0.032547 0.115429
0 0.566469 0.551091 0.044993 0.070913
1 0.680029 0.615876 0.0457619 0.137324
0 0.247616 0.33177 0.0159494 0.0308947
0 0.678708 0.563966 0.017368 0.0282204
1 0.572371 0.687671 0.099514 0.360678
1 0.250636 0.376068 0.0323295 0.114565
0 0.566482 0.551145 0.0450023 0.0710236
1 0.680028 0.61591 0.0457682 0.137388
0 0.247615 0.331857 0.0159967 0.0310507
0 0.678708 0.563993 0.0173867 0.0282678
1 0.572367 0.687704 0.0994759 0.360737
1 0.250633 0.376156 0.0321874 0.115063
0 0.566479 0.551162 0.0450169 0.0710578
1 0.680036 0.615893 0.0457628 0.137364
0 0.247655 0.331693 0.0158227 0.0306638
0 0.678704 0.563985 0.0173744 0.0282457
1 0.572345 0.687624 0.0996084 0.360619
1 0.250653 0.375992 0.0324256 0.114122
0 0.566472 0.551075 0.0450537 0.0709768
1 0.680033 0.615904 0.0457485 0.137364
0 0.24769 0.331797 0.0159348 0.0308174
0 0.678699 0.563987 0.0173781 0.0282611
1 0.572307 0.687709 0.0996156 0.360719
1 0.250666 0.376188 0.0322129 0.114827
0 0.56647 0.551096 0.0450698 0.0710284
1 0.680029 0.615936 0.0457579 0.137371
0 0.247613 0.331924 0.0159374 0.0310999
0 0.678702 0.563999 0.0173774 0.0282732
1 0.57231 0.687811 0.0995194 0.360805
1 0.250656 0.375748 0.0324039 0.11429
0 0.566481 0.551153 0.0450354 0.0710467
1 0.680028 0.615899 0.0457311 0.137322
0 0.247623 0.331799 0.0159323 0.0308792
0 0.678699 0.563987 0.0173844 0.028267
1 0.572328 0.68761 0.0996606 0.36062
1 0.250622 0.376 0.0325664 0.114608
0 0.566467 0.551072 0.045067 0.0708709
1 0.680028 0.615875 0.0457259 0.137317
0 0.247627 0.332037 0.0161482 0.0313844
0 0.678706 0.563966 0.0173742 0.0282299
1 0.572318 0.687821 0.0995644 0.360855
1 0.250621 0.376102 0.0325805 0.11504
0 0.566477 0.551118 0.0450626 0.0710542
1 0.680021 0.615919 0.0457348 0.13736
0 0.247613 0.331964 0.0160548 0.0311904
0 0.678697 0.564001 0.0173876 0.0282898
1 0.572357 0.687564 0.0995939 0.360575
1 0.250681 0.376265 0.0323424 0.11492
0 0.566459 0.551099 0.0450489 0.0709708
1 0.68003 0.615889 0.04574 0.137332
0 0.247614 0.332087 0.0160912 0.0314266
0 0.678706 0.563973 0.0173791 0.028244
