3 0.810335 0.5854 0.0341045 0.146623
2 0.80727 0.529444 0.0142993 0.0294935
3 0.810345 0.585403 0.0341007 0.146629
2 0.807273 0.529447 0.0142902 0.0294634
3 0.810347 0.585401 0.0341328 0.146645
2 0.807271 0.529446 0.0143036 0.0294869
3 0.810344 0.585398 0.0341248 0.146641
2 0.807267 0.529442 0.0143017 0.0294938
3 0.810345 0.585391 0.0341368 0.146635
2 0.807271 0.529437 0.0143036 0.0294864
3 0.810346 0.585456 0.0341306 0.146712
2 0.807271 0.529469 0.014307 0.0294888
3 0.810348 0.585444 0.0341336 0.146686
2 0.807276 0.529466 0.0143043 0.0294841
3 0.810345 0.585436 0.0341307 0.146693
2 0.80727 0.529452 0.0142818 0.0294718
3 0.810351 0.585396 0.0341172 0.146612
2 0.807276 0.529434 0.0142782 0.0294352
3 0.810349 0.585388 0.0341053 0.146616
2 0.807272 0.529431 0.0142716 0.0294358
3 0.810354 0.585407 0.0341357 0.146675
2 0.80727 0.529428 0.0142757 0.0294646
3 0.810344 0.58541 0.0341221 0.146686
2 0.807267 0.529424 0.0142702 0.0294633
