1 0.694828 0.682839 0.119669 0.371498
0 0.690448 0.5445 0.0473332 0.0724589
1 0.694852 0.682816 0.11969 0.371451
0 0.690439 0.544514 0.0474191 0.0725448
1 0.694873 0.682872 0.119454 0.371757
0 0.690429 0.544497 0.0474884 0.0725772
1 0.694873 0.68287 0.119451 0.371763
0 0.690428 0.544499 0.0474864 0.0725779
1 0.694875 0.682864 0.119454 0.371747
0 0.69043 0.544495 0.0474836 0.0725755
1 0.694875 0.682863 0.119453 0.371749
0 0.69043 0.544495 0.0474834 0.0725752
1 0.694875 0.682863 0.119453 0.371753
0 0.690431 0.544495 0.0474836 0.0725758
1 0.694876 0.682864 0.119453 0.371748
0 0.690431 0.544495 0.0474836 0.0725758
1 0.694874 0.682864 0.119455 0.371756
0 0.690431 0.544495 0.0474836 0.0725758
1 0.694875 0.682866 0.119453 0.371742
0 0.690431 0.544495 0.0474836 0.0725758
1 0.694875 0.682864 0.119453 0.371751
0 0.690431 0.544495 0.0474836 0.0725758
1 0.694875 0.682866 0.119453 0.371742
0 0.690431 0.544495 0.0474836 0.0725758
1 0.694875 0.682866 0.119453 0.371742
0 0.690431 0.544495 0.0474836 0.0725758
1 0.694875 0.682866 0.119453 0.371742
0 0.690431 0.544495 0.0474836 0.0725758
1 0.694875 0.682866 0.119453 0.371742
0 0.690431 0.544495 0.0474836 0.0725758
1 0.694875 0.682866 0.119453 0.371742
0 0.690431 0.544495 0.0474836 0.0725758
1 0.694875 0.682866 0.119453 0.371742
0 0.690431 0.544495 0.0474836 0.0725758
1 0.694875 0.682866 0.119453 0.371742
0 0.690431 0.544495 0.0474836 0.0725758
1 0.694921 0.682865 0.119567 0.371597
0 0.690426 0.544497 0.0474261 0.0725141
1 0.694875 0.682866 0.119453 0.371742
0 0.690431 0.544495 0.0474836 0.0725758
1 0.694874 0.682867 0.119448 0.371756
0 0.69043 0.544499 0.0474873 0.0725814
1 0.694875 0.682866 0.119453 0.371742
0 0.690431 0.544495 0.0474836 0.0725758
1 0.694876 0.682862 0.119454 0.371757
0 0.69043 0.544497 0.0474814 0.0725754
1 0.694875 0.682866 0.119453 0.371742
0 0.690431 0.544495 0.0474836 0.0725758
1 0.694876 0.682865 0.119453 0.371741
0 0.690431 0.544495 0.0474836 0.0725758
1 0.694919 0.682867 0.119563 0.371599
0 0.690426 0.544497 0.0474275 0.0725178
1 0.694875 0.682866 0.119453 0.371742
0 0.690431 0.544495 0.0474836 0.0725758
1 0.694874 0.682871 0.119447 0.371751
0 0.69043 0.544499 0.0474873 0.0725813
1 0.694875 0.682866 0.119453 0.371742
0 0.690431 0.544495 0.0474836 0.0725758
1 0.694876 0.682864 0.119453 0.371748
0 0.69043 0.544497 0.0474827 0.0725771
1 0.694875 0.682866 0.119453 0.371742
0 0.690431 0.544495 0.0474836 0.0725758
1 0.694876 0.682865 0.119453 0.371741
0 0.690431 0.544495 0.0474836 0.0725758
1 0.694875 0.682866 0.119453 0.371742
0 0.690431 0.544495 0.0474836 0.0725758
1 0.694875 0.682866 0.119453 0.371742
0 0.690431 0.544495 0.0474836 0.0725758
1 0.694875 0.682866 0.119453 0.371742
0 0.690431 0.544495 0.0474836 0.0725758
1 0.694875 0.682866 0.119453 0.371742
0 0.690431 0.544495 0.0474836 0.0725758
1 0.694875 0.682866 0.119453 0.371742
0 0.690431 0.544495 0.0474836 0.0725758
1 0.694875 0.682866 0.119453 0.371742
0 0.690431 0.544495 0.0474836 0.0725758
1 0.694875 0.682866 0.119453 0.371742
0 0.690431 0.544495 0.0474836 0.0725758
1 0.694875 0.682866 0.119453 0.371742
0 0.690431 0.544495 0.0474836 0.0725758
1 0.694875 0.682866 0.119453 0.371742
0 0.690431 0.544495 0.0474836 0.0725758
1 0.694875 0.682866 0.119453 0.371742
0 0.690431 0.544495 0.0474836 0.0725758
1 0.694875 0.682866 0.119453 0.371742
0 0.690431 0.544495 0.0474836 0.0725758
1 0.694875 0.682866 0.119453 0.371742
0 0.690431 0.544495 0.0474836 0.0725758
1 0.694875 0.682866 0.119453 0.371742
0 0.690431 0.544495 0.0474836 0.0725758
1 0.694875 0.682866 0.119453 0.371742
0 0.690431 0.544495 0.0474836 0.0725758
1 0.694875 0.682866 0.119453 0.371742
0 0.690431 0.544495 0.0474836 0.0725758
1 0.694875 0.682866 0.119453 0.371742
0 0.690431 0.544495 0.0474836 0.0725758
1 0.694875 0.682866 0.119453 0.371742
0 0.690431 0.544495 0.0474836 0.0725758
1 0.694875 0.682866 0.119453 0.371742
0 0.690431 0.544495 0.0474836 0.0725758
1 0.694875 0.682866 0.119453 0.371742
0 0.690431 0.544495 0.0474836 0.0725758
1 0.694875 0.682866 0.119453 0.371742
0 0.690431 0.544495 0.0474836 0.0725758
1 0.694924 0.682814 0.119531 0.371537
0 0.690438 0.544477 0.0473719 0.0724288
1 0.694875 0.682866 0.119453 0.371742
0 0.690431 0.544495 0.0474836 0.0725758
1 0.694875 0.682872 0.119451 0.371756
0 0.690429 0.544499 0.047485 0.0725786
1 0.694875 0.682866 0.119453 0.371742
0 0.690431 0.544495 0.0474836 0.0725758
1 0.694876 0.682865 0.119452 0.371752
0 0.690431 0.544498 0.0474828 0.0725765
1 0.694875 0.682866 0.119453 0.371742
0 0.690431 0.544495 0.0474836 0.0725758
1 0.694875 0.682864 0.119453 0.371749
0 0.690431 0.544495 0.0474836 0.0725758
1 0.694875 0.682866 0.119453 0.371742
0 0.690431 0.544495 0.0474836 0.0725758
1 0.690593 0.679849 0.122496 0.379124
0 0.681324 0.548045 0.0230806 0.0793122
1 0.691448 0.680128 0.12234 0.378697
0 0.682431 0.546696 0.0265574 0.0764812
1 0.692953 0.679887 0.130095 0.383277
0 0.684567 0.547138 0.030743 0.0750304
1 0.691616 0.680479 0.124416 0.381184
0 0.682126 0.547321 0.0266308 0.0774382
1 0.693214 0.681038 0.126745 0.379892
0 0.684046 0.54791 0.031618 0.0784743
1 0.693763 0.680759 0.128357 0.380427
0 0.684155 0.547923 0.0317795 0.0785746
1 0.694009 0.680726 0.12907 0.380447
0 0.684143 0.548074 0.0317623 0.0788433
1 0.694204 0.680594 0.129591 0.380757
0 0.684127 0.548114 0.0316836 0.078885
1 0.694306 0.680636 0.129862 0.380662
0 0.684139 0.54819 0.0317413 0.0789526
1 0.694911 0.682897 0.119376 0.371827
0 0.690427 0.544493 0.0474925 0.0725884
1 0.694907 0.682882 0.119362 0.371817
0 0.69043 0.544494 0.04748 0.0725728
1 0.694874 0.682877 0.119449 0.371757
0 0.690429 0.544497 0.0474823 0.0725783
1 0.694875 0.682864 0.119455 0.371755
0 0.690431 0.544495 0.0474836 0.0725758
1 0.694875 0.682863 0.119453 0.37175
0 0.690431 0.544497 0.0474829 0.0725768
1 0.694875 0.682864 0.119453 0.37175
0 0.690431 0.544495 0.0474836 0.0725758
1 0.694875 0.682864 0.119452 0.37175
0 0.690431 0.544495 0.0474836 0.0725758
1 0.694885 0.682899 0.1195 0.371768
0 0.690428 0.544508 0.0475136 0.0726021
1 0.694891 0.68286 0.119437 0.371842
0 0.690441 0.544506 0.0474505 0.0725448
1 0.694926 0.682854 0.119528 0.371664
0 0.690438 0.544511 0.0473851 0.0724949
1 0.694888 0.682873 0.119411 0.371826
0 0.690445 0.544506 0.0474219 0.0725095
1 0.69489 0.682863 0.119397 0.371835
0 0.690447 0.544507 0.0474178 0.0725045
1 0.694889 0.682863 0.1194 0.371834
0 0.690447 0.544505 0.0474163 0.0725088
1 0.694889 0.682866 0.119402 0.371828
0 0.690445 0.544505 0.0474172 0.0725088
1 0.69489 0.682861 0.119407 0.371833
0 0.690445 0.544505 0.0474176 0.0725081
1 0.69489 0.682867 0.119403 0.371827
0 0.690445 0.544505 0.0474176 0.0725081
1 0.694895 0.682874 0.119432 0.37186
0 0.690445 0.544509 0.0474332 0.0725149
1 0.694891 0.682868 0.11942 0.371831
0 0.690448 0.544504 0.0474207 0.0725109
1 0.694891 0.682877 0.119403 0.371826
0 0.690447 0.544507 0.0474202 0.0725148
1 0.694891 0.682869 0.1194 0.371815
0 0.690445 0.544508 0.0474228 0.0725122
1 0.694935 0.682872 0.119486 0.371659
0 0.690438 0.544513 0.047375 0.07247
1 0.694884 0.682874 0.119392 0.371815
0 0.690442 0.544519 0.0474328 0.072544
1 0.694874 0.682882 0.119389 0.371806
0 0.690442 0.544522 0.0474362 0.0725596
1 0.694915 0.682904 0.119493 0.371641
0 0.690434 0.54453 0.0474045 0.0725404
1 0.694904 0.682905 0.119506 0.371638
0 0.690435 0.544531 0.0474069 0.0725492
1 0.69486 0.682893 0.119428 0.371781
0 0.690434 0.544518 0.0474685 0.0726015
1 0.694866 0.682888 0.11944 0.371759
0 0.690434 0.544509 0.0474724 0.0725895
1 0.694872 0.682879 0.119458 0.371762
0 0.690431 0.544498 0.0474799 0.0725774
1 0.694872 0.68287 0.119458 0.371751
0 0.690431 0.544498 0.0474838 0.072578
1 0.694873 0.682872 0.119455 0.371764
0 0.69043 0.544497 0.0474819 0.0725752
1 0.694873 0.682868 0.119452 0.371749
0 0.69043 0.544495 0.0474836 0.0725746
1 0.694876 0.68288 0.119469 0.371776
0 0.690428 0.544495 0.0474911 0.0725897
1 0.694875 0.682866 0.119453 0.371742
0 0.690431 0.544495 0.0474836 0.0725758
1 0.694874 0.682861 0.119454 0.371768
0 0.690429 0.5445 0.0474825 0.0725763
1 0.694875 0.682866 0.119453 0.371742
0 0.690431 0.544495 0.0474836 0.0725758
1 0.694875 0.682865 0.119452 0.371752
0 0.690431 0.544495 0.0474836 0.0725758
1 0.694875 0.682866 0.119453 0.371742
0 0.690431 0.544495 0.0474836 0.0725758
1 0.694875 0.682864 0.119452 0.37175
0 0.690431 0.544495 0.0474836 0.0725758
1 0.694875 0.682866 0.119453 0.371742
0 0.690431 0.544495 0.0474836 0.0725758
1 0.694875 0.682865 0.119453 0.371745
0 0.690431 0.544495 0.0474836 0.0725758
1 0.694875 0.682866 0.119453 0.371742
0 0.690431 0.544495 0.0474836 0.0725758
1 0.694875 0.682866 0.119453 0.371742
0 0.690431 0.544495 0.0474836 0.0725758
1 0.694875 0.682866 0.119453 0.371742
0 0.690431 0.544495 0.0474836 0.0725758
1 0.694884 0.68288 0.119504 0.371766
0 0.690432 0.544495 0.0475031 0.0725746
1 0.694898 0.682902 0.119429 0.371807
0 0.690431 0.544528 0.0474903 0.0725752
1 0.69489 0.682864 0.119451 0.371843
0 0.690439 0.544505 0.0474484 0.0725406
1 0.694888 0.682863 0.119415 0.371836
0 0.690444 0.544504 0.0474308 0.0725348
1 0.694889 0.682865 0.1194 0.371819
0 0.690448 0.544506 0.0474205 0.0725079
1 0.694906 0.682891 0.119446 0.371842
0 0.690444 0.544506 0.0474552 0.0725212
1 0.694904 0.682896 0.119405 0.371802
0 0.690451 0.544508 0.0474014 0.0725016
1 0.694903 0.682879 0.119379 0.371799
0 0.690449 0.54451 0.047394 0.0725081
1 0.694889 0.682864 0.1194 0.371821
0 0.690445 0.544509 0.047421 0.0725115
1 0.694888 0.682877 0.119399 0.371821
0 0.690441 0.544508 0.0474257 0.072522
1 0.69488 0.682878 0.119399 0.371813
0 0.690444 0.544513 0.0474371 0.0725426
1 0.694881 0.682879 0.11937 0.371817
0 0.690446 0.54452 0.0474308 0.0725418
1 0.69487 0.682888 0.119382 0.371806
0 0.690443 0.544528 0.0474395 0.0725662
1 0.694864 0.6829 0.119389 0.371801
0 0.69044 0.544531 0.0474508 0.0725858
1 0.694905 0.682904 0.119507 0.371631
0 0.690435 0.544525 0.0474019 0.0725403
