3 0.810332 0.585432 0.0342223 0.146928
2 0.807269 0.529371 0.0143654 0.0296609
3 0.810326 0.585414 0.0342371 0.146909
2 0.807265 0.529363 0.0143768 0.0296604
3 0.810335 0.585406 0.0342361 0.146888
2 0.807269 0.529372 0.0143817 0.0296762
3 0.810333 0.585401 0.0342381 0.146881
2 0.807271 0.529367 0.0143856 0.029668
3 0.810327 0.5854 0.0342411 0.146892
2 0.807265 0.529361 0.0143724 0.0296647
3 0.810329 0.585395 0.0342285 0.146869
2 0.807268 0.52937 0.0143724 0.0296761
3 0.810333 0.5854 0.0342367 0.146882
2 0.807268 0.529371 0.0143897 0.0296782
3 0.81033 0.585395 0.0342283 0.146871
2 0.807269 0.529372 0.0143718 0.029673
3 0.810334 0.585408 0.0342343 0.146889
2 0.80727 0.529374 0.0143751 0.0296734
3 0.810334 0.585406 0.0342324 0.146885
2 0.807268 0.529375 0.0143756 0.0296775
3 0.810328 0.585397 0.0342456 0.146894
2 0.807266 0.529363 0.0143798 0.0296694
3 0.810331 0.585405 0.0342297 0.146882
2 0.807268 0.529376 0.0143795 0.0296723
3 0.810331 0.585403 0.0342308 0.146888
2 0.807268 0.529372 0.014373 0.0296772
3 0.810331 0.585398 0.0342299 0.146866
2 0.807267 0.529373 0.0143759 0.0296684
3 0.810331 0.585396 0.0342342 0.146873
2 0.807268 0.529368 0.0143699 0.029672
3 0.810333 0.585404 0.0342321 0.146881
2 0.807267 0.529373 0.014376 0.0296713
3 0.810331 0.585408 0.0342312 0.146888
2 0.807269 0.529376 0.0143795 0.0296741
3 0.810334 0.5854 0.0342376 0.146882
2 0.807271 0.529375 0.0143779 0.0296779
3 0.810334 0.5854 0.0342366 0.146882
2 0.807269 0.529373 0.0143754 0.0296744
3 0.81033 0.5854 0.0342308 0.146877
2 0.807268 0.529372 0.0143717 0.0296669
3 0.810333 0.585416 0.0342484 0.146903
2 0.807269 0.529372 0.014389 0.0296757
3 0.810334 0.585401 0.0342335 0.146883
2 0.80727 0.529371 0.0143699 0.029672
3 0.810333 0.585409 0.0342364 0.146892
2 0.807268 0.529378 0.0143772 0.0296796
3 0.81033 0.585403 0.0342276 0.146886
2 0.80727 0.529372 0.0143749 0.0296801
3 0.810333 0.585402 0.0342307 0.146877
2 0.807269 0.529375 0.0143722 0.0296729
3 0.810334 0.585402 0.0342334 0.14688
2 0.80727 0.529367 0.014384 0.0296656
3 0.810332 0.585404 0.0342304 0.14688
2 0.807267 0.529369 0.0143745 0.029666
3 0.810329 0.585416 0.034245 0.146915
2 0.807268 0.529364 0.0143833 0.0296664
3 0.810334 0.585406 0.0342347 0.146886
2 0.807268 0.529374 0.0143757 0.0296786
3 0.810336 0.585408 0.0342352 0.146889
2 0.807268 0.529377 0.0143721 0.0296743
3 0.810334 0.585405 0.0342383 0.146889
2 0.80727 0.529373 0.0143775 0.0296808
3 0.810333 0.585411 0.0342333 0.146893
2 0.807268 0.529377 0.0143756 0.0296753
3 0.810333 0.585398 0.0342358 0.146876
2 0.807269 0.529376 0.0143764 0.0296753
3 0.810333 0.585409 0.0342348 0.14689
2 0.807269 0.529375 0.0143797 0.0296745
3 0.810333 0.585395 0.0342367 0.14687
2 0.80727 0.529361 0.0143817 0.0296653
3 0.810332 0.585402 0.0342303 0.146878
2 0.807268 0.529374 0.0143734 0.0296751
3 0.810333 0.585402 0.0342369 0.146883
2 0.807268 0.529377 0.0143784 0.0296796
3 0.810331 0.585392 0.0342314 0.146866
2 0.807268 0.529371 0.014374 0.029673
3 0.810333 0.585403 0.0342308 0.146881
2 0.807268 0.529375 0.0143817 0.0296812
3 0.810333 0.585403 0.0342312 0.146881
2 0.807271 0.529374 0.0143783 0.029678
3 0.81033 0.585402 0.0342308 0.146873
2 0.807268 0.529372 0.0143692 0.0296631
3 0.81033 0.585395 0.0342255 0.146866
2 0.807268 0.529367 0.0143695 0.0296652
3 0.810334 0.585407 0.0342302 0.146886
2 0.807267 0.529375 0.0143688 0.0296713
3 0.810334 0.585418 0.0342507 0.146911
2 0.807269 0.529378 0.0143876 0.0296821
3 0.810332 0.585402 0.0342339 0.146883
2 0.80727 0.529376 0.0143764 0.0296797
3 0.810335 0.585408 0.0342324 0.14689
2 0.807267 0.529374 0.0143762 0.0296685
3 0.810334 0.585404 0.0342368 0.146886
2 0.807271 0.529371 0.0143798 0.0296795
3 0.810328 0.585399 0.0342209 0.146873
2 0.807268 0.529373 0.0143665 0.029665
3 0.810333 0.585403 0.0342362 0.146882
2 0.807271 0.529374 0.0143779 0.029678
3 0.810328 0.585399 0.0342211 0.146872
2 0.807269 0.529373 0.0143652 0.0296678
3 0.810333 0.585405 0.0342376 0.14689
2 0.807269 0.529369 0.0143749 0.0296766
3 0.810333 0.585399 0.0342369 0.146879
2 0.807271 0.529374 0.0143788 0.029677
3 0.810333 0.585401 0.034235 0.146882
2 0.80727 0.529371 0.0143749 0.0296734
3 0.810329 0.585394 0.0342289 0.146868
2 0.807268 0.529369 0.0143714 0.0296761
3 0.810332 0.585403 0.0342339 0.146884
2 0.807268 0.529372 0.014373 0.0296781
3 0.810333 0.585409 0.0342308 0.146885
2 0.807268 0.529376 0.0143692 0.0296709
3 0.810328 0.585414 0.0342415 0.146906
2 0.807266 0.529363 0.0143798 0.0296651
3 0.810333 0.585403 0.034232 0.146879
2 0.807268 0.529372 0.0143808 0.0296756
3 0.810326 0.585413 0.0342404 0.14691
2 0.807267 0.529363 0.014381 0.0296682
3 0.810333 0.585401 0.0342315 0.146877
2 0.807268 0.529372 0.014381 0.0296768
3 0.810331 0.585392 0.0342301 0.146868
2 0.807268 0.529373 0.0143699 0.0296732
3 0.810332 0.585403 0.0342297 0.146882
2 0.807268 0.529372 0.0143806 0.0296767
3 0.810321 0.585371 0.0342125 0.146844
2 0.807266 0.529383 0.0143762 0.0296649
3 0.810318 0.585355 0.0342072 0.146822
2 0.807264 0.529382 0.0143676 0.0296565
3 0.810324 0.585357 0.0342144 0.146801
2 0.807265 0.529395 0.014374 0.0296621
3 0.810325 0.585377 0.0342171 0.146827
2 0.807264 0.529387 0.0143627 0.0296423
3 0.810329 0.585378 0.0342235 0.146837
2 0.807266 0.529377 0.0143669 0.0296467
3 0.810328 0.58537 0.034215 0.146827
2 0.807266 0.529366 0.0143707 0.0296404
3 0.81033 0.585385 0.0342221 0.146856
2 0.807267 0.529371 0.0143627 0.0296582
3 0.810332 0.585402 0.0342451 0.146877
2 0.807265 0.529366 0.0143821 0.0296579
3 0.810333 0.585399 0.034235 0.146883
2 0.807266 0.529372 0.0143764 0.0296796
3 0.81033 0.585399 0.0342273 0.146875
2 0.807268 0.529368 0.0143692 0.0296663
3 0.810333 0.585403 0.0342321 0.146882
2 0.807269 0.529376 0.0143746 0.0296734
