3 0.810278 0.585443 0.0340584 0.146836
2 0.807241 0.529468 0.0142712 0.0295871
1 0.0174383 0.431024 0.02256 0.464048
1 0.017039 0.439851 0.0229511 0.46442
1 0.194103 0.5424 0.0141688 0.271385
1 0.0174111 0.43408 0.0239374 0.47243
1 0.0172646 0.433059 0.0238043 0.472862
1 0.0173122 0.433413 0.0238501 0.472405
1 0.193075 0.531352 0.0123505 0.235642
1 0.0172733 0.432977 0.0237718 0.473218
1 0.192183 0.537672 0.0140565 0.275942
1 0.192225 0.539074 0.0139061 0.276987
1 0.192229 0.53642 0.0139044 0.271981
1 0.0176031 0.429524 0.0225954 0.472035
3 0.810333 0.585378 0.0340873 0.146266
2 0.807239 0.529478 0.0142292 0.0293468
3 0.810339 0.585445 0.0341039 0.146534
2 0.807249 0.52946 0.0142639 0.0294597
3 0.810336 0.585443 0.0341637 0.146767
2 0.80725 0.529411 0.0142843 0.0295194
3 0.81034 0.585447 0.0341499 0.146782
2 0.807252 0.529433 0.0142746 0.0295351
3 0.810338 0.585442 0.0341473 0.146768
2 0.807252 0.529429 0.01427 0.0295255
3 0.810329 0.585441 0.0341557 0.14678
2 0.80725 0.529409 0.0142836 0.0295197
3 0.810328 0.585436 0.0341574 0.146776
2 0.807251 0.529403 0.0142731 0.0295146
3 0.810342 0.585445 0.0341515 0.146771
2 0.80725 0.529431 0.0142666 0.0295293
3 0.810337 0.585442 0.0341459 0.146767
2 0.80725 0.529433 0.0142746 0.0295406
3 0.810334 0.585437 0.0341713 0.146798
2 0.807254 0.529405 0.0142796 0.0295202
3 0.81034 0.585446 0.0341564 0.146786
2 0.807252 0.529423 0.0142838 0.0295319
3 0.810339 0.585441 0.034148 0.146768
2 0.80725 0.52943 0.0142735 0.0295323
3 0.810337 0.585441 0.0341501 0.146771
2 0.807251 0.529421 0.0142777 0.0295273
3 0.810329 0.585433 0.0341583 0.146763
2 0.807251 0.529405 0.0142723 0.0295146
3 0.810332 0.585435 0.0341591 0.146768
2 0.80725 0.529405 0.0142811 0.029516
3 0.810341 0.585444 0.034157 0.146783
2 0.807253 0.529422 0.0142822 0.0295301
3 0.810342 0.585444 0.0341488 0.146771
2 0.807251 0.529431 0.0142696 0.029525
3 0.810339 0.585441 0.0341452 0.146766
2 0.807252 0.52943 0.0142666 0.0295254
3 0.810327 0.585431 0.0341381 0.146756
2 0.807253 0.52941 0.0142674 0.0295099
3 0.810338 0.585441 0.034148 0.146765
2 0.807252 0.529427 0.0142706 0.0295302
3 0.810341 0.585447 0.0341514 0.146783
2 0.807252 0.529432 0.0142777 0.0295406
3 0.810337 0.585441 0.0341435 0.146768
2 0.807252 0.529428 0.0142735 0.0295367
3 0.810332 0.585442 0.0341644 0.146798
2 0.807252 0.529406 0.0142807 0.0295218
3 0.810338 0.585437 0.0341453 0.146759
2 0.80725 0.529429 0.0142696 0.0295331
3 0.810335 0.585437 0.0341445 0.146757
2 0.80725 0.529426 0.0142693 0.0295255
3 0.810341 0.585445 0.0341513 0.146779
2 0.80725 0.529432 0.014275 0.0295401
3 0.810332 0.585436 0.0341614 0.146771
2 0.807254 0.529402 0.0142847 0.0295127
3 0.810339 0.585448 0.034147 0.146778
2 0.80725 0.529432 0.0142723 0.0295359
3 0.810342 0.585443 0.0341481 0.14677
2 0.807252 0.529431 0.0142675 0.0295336
3 0.81034 0.585441 0.0341465 0.146765
2 0.807252 0.529429 0.0142675 0.0295249
3 0.81034 0.585443 0.0341536 0.146781
2 0.807251 0.529424 0.0142834 0.0295323
3 0.810336 0.585439 0.0341501 0.146765
2 0.80725 0.529415 0.0142742 0.0295141
3 0.810333 0.585434 0.0341669 0.146791
2 0.807253 0.529407 0.01427 0.0295178
3 0.810336 0.585439 0.0341503 0.146769
2 0.807251 0.529417 0.0142746 0.029522
3 0.810338 0.585441 0.0341454 0.146763
2 0.807249 0.52943 0.0142727 0.0295358
3 0.81034 0.585448 0.0341547 0.146787
2 0.80725 0.529424 0.0142864 0.0295324
3 0.810334 0.585436 0.0341724 0.146798
2 0.807253 0.529405 0.014275 0.0295244
3 0.810339 0.585441 0.0341446 0.146768
2 0.807253 0.529431 0.0142666 0.0295229
3 0.810338 0.585438 0.0341447 0.146763
2 0.807253 0.529429 0.0142643 0.0295211
3 0.810342 0.585443 0.0341564 0.146778
2 0.807252 0.529431 0.0142788 0.0295439
3 0.810332 0.585441 0.0341648 0.146783
2 0.807253 0.529409 0.014275 0.0295231
3 0.81034 0.585442 0.0341442 0.146768
2 0.807252 0.529433 0.0142685 0.0295257
3 0.810339 0.585445 0.0341488 0.146776
2 0.807251 0.529428 0.0142746 0.0295328
3 0.810337 0.585436 0.034145 0.146758
2 0.80725 0.529431 0.0142691 0.0295272
3 0.81034 0.585442 0.0341494 0.146767
2 0.807249 0.52943 0.0142742 0.0295342
3 0.810341 0.585445 0.0341576 0.146784
2 0.807252 0.529427 0.014283 0.0295276
3 0.810344 0.58544 0.0341599 0.146778
2 0.807251 0.529425 0.0142849 0.0295401
3 0.81034 0.585443 0.0341487 0.146772
2 0.807251 0.529425 0.0142815 0.0295305
3 0.810331 0.585432 0.0341627 0.146763
2 0.807253 0.529403 0.0142817 0.029508
3 0.810336 0.585439 0.034149 0.146765
2 0.80725 0.52942 0.0142767 0.0295189
3 0.810338 0.585443 0.0341484 0.146777
2 0.807253 0.529432 0.0142796 0.029541
3 0.810337 0.585435 0.0341509 0.146766
2 0.807251 0.529419 0.0142763 0.0295283
3 0.810337 0.58544 0.0341471 0.146771
2 0.80725 0.529426 0.0142632 0.0295257
3 0.810336 0.585431 0.0341469 0.146758
2 0.807249 0.529426 0.0142597 0.029517
3 0.810342 0.585447 0.0341452 0.146771
2 0.80725 0.529434 0.0142695 0.0295287
3 0.81033 0.585433 0.0341568 0.146782
2 0.807252 0.529407 0.0142742 0.0295189
3 0.810338 0.585443 0.0341484 0.146773
2 0.807251 0.529424 0.0142845 0.029532
3 0.810339 0.585437 0.0341498 0.146759
2 0.807249 0.529431 0.0142624 0.0295256
3 0.810304 0.585469 0.0340595 0.146802
2 0.807233 0.52948 0.0142418 0.0294965
3 0.810306 0.585462 0.0340698 0.146785
2 0.80723 0.529484 0.0142468 0.029507
3 0.810301 0.585463 0.034064 0.146794
2 0.807231 0.529484 0.0142445 0.0295203
3 0.810302 0.58546 0.0340659 0.146783
2 0.807233 0.529485 0.0142433 0.0295209
3 0.810306 0.585464 0.0340647 0.146787
2 0.807232 0.529487 0.014241 0.0295206
3 0.810302 0.585458 0.0340638 0.146786
2 0.807231 0.529482 0.0142391 0.0295088
3 0.810303 0.58546 0.034066 0.146784
2 0.807231 0.529487 0.0142445 0.0295293
3 0.810296 0.585454 0.0340792 0.146796
2 0.807232 0.52946 0.0142491 0.0294986
3 0.810301 0.585456 0.0340628 0.146776
2 0.807231 0.529482 0.0142395 0.0295111
3 0.810304 0.585464 0.0340677 0.146792
2 0.807228 0.529489 0.0142452 0.0295231
3 0.810305 0.585461 0.0340698 0.146784
2 0.807228 0.52949 0.0142492 0.0295314
3 0.810305 0.585461 0.0340664 0.146789
2 0.807232 0.529487 0.0142426 0.0295191
3 0.810306 0.585467 0.0340703 0.146794
2 0.807232 0.529478 0.0142584 0.0295178
3 0.810304 0.585471 0.0340692 0.14681
2 0.80723 0.529487 0.014251 0.0295201
3 0.810304 0.585465 0.0340624 0.146783
2 0.807228 0.529488 0.0142365 0.0295128
3 0.810305 0.585462 0.0340719 0.146795
2 0.807234 0.529476 0.0142574 0.0295136
3 0.810294 0.585453 0.0340883 0.146809
2 0.807233 0.529454 0.0142571 0.0294972
3 0.810304 0.585462 0.0340616 0.146792
2 0.807232 0.529489 0.0142456 0.029523
3 0.810304 0.585464 0.0340651 0.146799
2 0.807233 0.529485 0.0142456 0.0295147
3 0.810294 0.585448 0.0340729 0.146782
2 0.807233 0.529456 0.0142464 0.0295019
3 0.810305 0.585464 0.0340656 0.146789
2 0.807231 0.529487 0.0142441 0.0295236
3 0.810302 0.585463 0.0340611 0.146796
2 0.807231 0.529486 0.0142414 0.0295177
3 0.810295 0.585448 0.0340755 0.146782
2 0.807234 0.529459 0.0142479 0.0295054
3 0.810305 0.585457 0.0340639 0.146783
2 0.807234 0.52948 0.0142403 0.02951
3 0.810298 0.585434 0.0340874 0.146788
2 0.807232 0.529448 0.0142483 0.029495
3 0.8103 0.585424 0.0340941 0.146749
2 0.807239 0.529441 0.0142468 0.0294903
3 0.810315 0.585437 0.0340888 0.146768
2 0.80724 0.529467 0.0142529 0.0295218
3 0.810319 0.585422 0.0341004 0.146749
2 0.807244 0.529453 0.0142628 0.0295133
3 0.810314 0.585414 0.0341215 0.146739
2 0.807247 0.529421 0.0142647 0.0294977
3 0.81033 0.585419 0.0341286 0.146752
2 0.807249 0.529434 0.0142672 0.0295154
3 0.810333 0.58543 0.0341707 0.14679
2 0.807253 0.529406 0.0142763 0.0295231
3 0.810342 0.585447 0.0341467 0.146775
2 0.807252 0.529433 0.0142677 0.029537
3 0.810339 0.585447 0.0341473 0.146776
2 0.807249 0.529432 0.0142723 0.029533
3 0.810338 0.585443 0.0341498 0.146773
2 0.80725 0.529428 0.0142704 0.0295331
3 0.810341 0.585441 0.0341523 0.146775
2 0.807252 0.529425 0.0142815 0.0295317
3 0.81034 0.585445 0.0341456 0.146775
2 0.80725 0.52943 0.0142698 0.0295338
3 0.810339 0.585437 0.0341467 0.146759
2 0.80725 0.529431 0.0142719 0.0295341
3 0.81034 0.585446 0.0341529 0.146781
2 0.807251 0.529425 0.0142818 0.0295319
3 0.81034 0.585447 0.0341513 0.146774
2 0.80725 0.529434 0.0142725 0.0295305
3 0.810326 0.585434 0.0341522 0.146768
2 0.80725 0.529406 0.0142727 0.0295177
3 0.810331 0.585435 0.0341601 0.146769
2 0.807249 0.529404 0.0142754 0.0295126
3 0.810339 0.585442 0.0341496 0.146775
2 0.807249 0.529431 0.0142746 0.0295441
3 0.81034 0.585445 0.0341531 0.146781
2 0.807252 0.529425 0.0142843 0.0295367
3 0.81034 0.585445 0.0341513 0.146781
2 0.807251 0.529425 0.0142815 0.0295318
3 0.810338 0.58544 0.0341531 0.146771
2 0.807251 0.529423 0.0142731 0.0295211
3 0.810337 0.585444 0.0341447 0.146774
2 0.80725 0.52943 0.0142729 0.0295404
3 0.810336 0.585438 0.0341506 0.146767
2 0.807252 0.529426 0.0142693 0.0295237
3 0.810338 0.585441 0.0341529 0.146771
2 0.807249 0.529422 0.014275 0.0295256
3 0.810337 0.585443 0.0341454 0.146769
2 0.807252 0.529426 0.0142719 0.029529
3 0.810339 0.585446 0.0341509 0.146783
2 0.807252 0.529424 0.0142834 0.0295322
3 0.810327 0.585439 0.0341325 0.146763
2 0.807253 0.529417 0.0142719 0.0295132
3 0.81034 0.585447 0.0341507 0.146777
2 0.807252 0.529433 0.0142735 0.029536
3 0.81034 0.585438 0.03415 0.146767
2 0.807252 0.52943 0.0142746 0.0295381
3 0.810341 0.585444 0.0341541 0.146774
2 0.807251 0.529422 0.0142796 0.0295305
3 0.810341 0.585445 0.0341528 0.146781
2 0.807253 0.529432 0.0142786 0.0295438
3 0.810316 0.585411 0.0341334 0.146761
2 0.807247 0.529426 0.0142614 0.0295082
3 0.810315 0.585435 0.0340877 0.14676
2 0.80724 0.529464 0.0142464 0.0295133
3 0.810312 0.585423 0.0340928 0.146756
2 0.807242 0.529444 0.0142569 0.0294989
3 0.810322 0.585417 0.034113 0.14674
2 0.807246 0.529449 0.0142586 0.0295174
3 0.810328 0.58541 0.0341254 0.14672
2 0.807249 0.529427 0.0142634 0.0295066
3 0.810341 0.585437 0.0341499 0.146764
2 0.807254 0.529432 0.0142769 0.029537
3 0.81034 0.585446 0.0341526 0.146776
2 0.807252 0.529429 0.0142754 0.0295358
3 0.810333 0.585437 0.0341686 0.146799
2 0.807254 0.529409 0.0142824 0.0295177
3 0.81034 0.585444 0.0341503 0.146773
2 0.807249 0.529432 0.0142742 0.029543
3 0.810342 0.585444 0.0341534 0.146774
2 0.80725 0.529433 0.0142752 0.0295454
3 0.810337 0.585435 0.0341507 0.146768
2 0.807252 0.529416 0.014275 0.0295228
3 0.810343 0.585443 0.0341543 0.146773
2 0.80725 0.529431 0.0142738 0.0295419
