3 0.810345 0.58565 0.0341923 0.147087
2 0.807241 0.529497 0.0143127 0.0297016
3 0.810359 0.585802 0.0341756 0.146998
2 0.807237 0.529666 0.0143749 0.0296603
3 0.810361 0.585821 0.0341806 0.147036
2 0.807237 0.529667 0.0143713 0.0296638
3 0.810369 0.585826 0.0341862 0.147044
2 0.807237 0.529668 0.0143749 0.0296727
3 0.810363 0.585822 0.0341803 0.147038
2 0.807237 0.529667 0.0143755 0.029668
3 0.810366 0.585826 0.0341805 0.147035
2 0.80724 0.529663 0.0143757 0.029666
3 0.810367 0.585819 0.0341877 0.14704
2 0.80724 0.529662 0.0143734 0.0296712
3 0.810365 0.585821 0.0341827 0.147037
2 0.807239 0.529662 0.0143805 0.029673
3 0.810368 0.58582 0.0341841 0.147038
2 0.80724 0.529665 0.0143688 0.02967
3 0.810366 0.585819 0.0341909 0.14705
2 0.807239 0.529663 0.01437 0.0296788
3 0.810368 0.585822 0.0341866 0.147048
2 0.807241 0.529666 0.0143696 0.0296709
3 0.810363 0.585819 0.0341862 0.147042
2 0.807236 0.529665 0.014381 0.0296775
3 0.810365 0.585824 0.0341845 0.147039
2 0.807239 0.529662 0.0143768 0.0296707
3 0.810365 0.585825 0.0341845 0.147046
2 0.807237 0.529664 0.0143761 0.0296751
3 0.810367 0.585823 0.0341871 0.147046
2 0.80724 0.529663 0.0143749 0.0296717
3 0.810365 0.585826 0.0341839 0.147047
2 0.807239 0.529662 0.0143742 0.0296731
3 0.810364 0.585822 0.0341803 0.147036
2 0.807239 0.529661 0.0143719 0.0296687
3 0.810369 0.58582 0.0341879 0.147042
2 0.80724 0.529668 0.0143677 0.0296749
3 0.810366 0.585823 0.0341917 0.147051
2 0.807239 0.529666 0.0143723 0.029685
3 0.810365 0.58582 0.034189 0.147035
2 0.807238 0.529665 0.0143778 0.0296772
