1 0.429425 0.667278 0.0991766 0.355276
1 0.537877 0.599869 0.0454389 0.136292
0 0.423023 0.535793 0.0439936 0.0730682
0 0.534579 0.548525 0.0182768 0.0290448
1 0.425735 0.702303 0.0821146 0.273321
1 0.255271 0.483173 0.0322217 0.121698
1 0.536593 0.600632 0.0488522 0.133504
0 0.534317 0.549943 0.0196355 0.0310706
0 0.253431 0.436239 0.0166139 0.028442
1 0.425813 0.7019 0.0820523 0.271632
1 0.536613 0.600811 0.0488346 0.133727
0 0.534322 0.549898 0.0196284 0.0309514
1 0.425562 0.70228 0.0819179 0.272559
1 0.536596 0.600873 0.0487003 0.133613
0 0.534338 0.550014 0.0195829 0.0310708
1 0.42548 0.703315 0.0821257 0.269744
1 0.536626 0.600816 0.0487244 0.133584
0 0.534324 0.549949 0.0196116 0.0309825
1 0.425547 0.703212 0.0820054 0.271171
1 0.536667 0.600772 0.0486456 0.133501
0 0.534329 0.549914 0.0195848 0.030917
1 0.425472 0.703231 0.0821528 0.270036
1 0.536618 0.600819 0.0487259 0.13358
0 0.534325 0.549961 0.0196056 0.0310057
1 0.425473 0.703249 0.0821258 0.269835
1 0.536622 0.600825 0.0486976 0.133604
0 0.534321 0.549957 0.0196087 0.0309911
1 0.42544 0.703971 0.082089 0.268852
1 0.5366 0.600811 0.0487447 0.133553
0 0.534323 0.549981 0.0196012 0.0310318
1 0.425447 0.703884 0.0821176 0.268986
1 0.536607 0.600814 0.0487245 0.133563
0 0.534324 0.549973 0.0196015 0.0310167
1 0.425448 0.703777 0.0820933 0.269028
1 0.536611 0.600814 0.0487202 0.133567
0 0.534322 0.549971 0.0196022 0.0310119
1 0.42545 0.70373 0.0820944 0.269221
1 0.53661 0.600815 0.0487208 0.133571
0 0.534323 0.549971 0.0196018 0.0310121
1 0.425456 0.70366 0.0821035 0.269286
1 0.536613 0.600821 0.0487266 0.133582
0 0.534325 0.549971 0.0195996 0.031015
1 0.425531 0.703473 0.0819776 0.270769
1 0.536662 0.60077 0.0486599 0.133489
0 0.534328 0.549917 0.0195839 0.0309115
1 0.425454 0.703413 0.0821289 0.269752
1 0.536614 0.60082 0.0487497 0.13358
0 0.534324 0.549969 0.0196026 0.0310221
1 0.425468 0.703393 0.0821135 0.269706
1 0.536618 0.600815 0.0487313 0.133572
0 0.534325 0.549963 0.0196071 0.0310125
1 0.425465 0.703312 0.082107 0.269797
1 0.536621 0.600819 0.0487232 0.133574
0 0.534324 0.549967 0.0196063 0.0310198
1 0.425549 0.703175 0.0819995 0.271067
1 0.536666 0.600776 0.0486625 0.133501
0 0.534327 0.549914 0.0195908 0.0309204
1 0.42547 0.703234 0.0821484 0.270077
1 0.536619 0.60083 0.0487129 0.133594
0 0.534326 0.54997 0.0196009 0.0310204
1 0.425477 0.703278 0.0821336 0.269857
1 0.536626 0.600824 0.0487083 0.133589
0 0.534325 0.549963 0.0196066 0.0310118
