3 0.810339 0.585619 0.0341787 0.14703
2 0.807247 0.529499 0.014331 0.0296884
3 0.810352 0.585746 0.0341625 0.146925
2 0.80722 0.529656 0.0143765 0.0296951
3 0.810354 0.585774 0.0341679 0.146966
2 0.807224 0.529654 0.0143696 0.0296772
3 0.810356 0.585765 0.0341686 0.14696
2 0.807222 0.529657 0.0143681 0.0296896
3 0.810355 0.585769 0.0341607 0.146959
2 0.807226 0.529653 0.0143768 0.0296762
3 0.810356 0.585766 0.0341671 0.146959
2 0.807225 0.529656 0.0143772 0.0296853
3 0.810355 0.585765 0.0341587 0.14695
2 0.807226 0.529654 0.0143744 0.0296765
3 0.810358 0.585772 0.0341599 0.146959
2 0.807226 0.529661 0.0143734 0.0296849
3 0.810357 0.585766 0.034169 0.146963
2 0.807224 0.529652 0.0143793 0.0296898
3 0.810358 0.585774 0.0341715 0.146968
2 0.807223 0.529655 0.0143686 0.0296872
3 0.81036 0.585772 0.0341721 0.146971
2 0.807225 0.529648 0.0143734 0.0296793
3 0.810358 0.585771 0.0341606 0.146958
2 0.807226 0.529657 0.0143706 0.0296856
3 0.810358 0.585764 0.0341684 0.146963
2 0.807223 0.529656 0.0143759 0.0296856
3 0.810354 0.585767 0.0341633 0.146945
2 0.807222 0.529655 0.0143799 0.0296869
3 0.810359 0.585773 0.034173 0.146967
2 0.807225 0.529653 0.0143776 0.0296784
3 0.810354 0.585767 0.0341587 0.146958
2 0.807226 0.529656 0.0143709 0.0296873
3 0.810356 0.585767 0.0341651 0.146962
2 0.807225 0.529653 0.0143753 0.0296841
3 0.810357 0.585764 0.0341644 0.146957
2 0.807226 0.529657 0.0143715 0.0296869
3 0.810355 0.585762 0.0341652 0.146954
2 0.807225 0.529653 0.0143768 0.0296835
3 0.810358 0.585766 0.0341692 0.146959
2 0.807225 0.529656 0.0143789 0.0296821
3 0.810357 0.585767 0.034163 0.146952
2 0.807225 0.529655 0.0143742 0.0296847
3 0.810357 0.58576 0.0341665 0.146951
2 0.807225 0.529656 0.0143698 0.0296848
3 0.810357 0.585767 0.0341621 0.146954
2 0.807225 0.529655 0.0143803 0.0296814
3 0.810356 0.585769 0.0341635 0.146961
2 0.807226 0.529654 0.0143757 0.0296843
3 0.810356 0.585767 0.0341641 0.146958
2 0.807226 0.529655 0.0143768 0.0296818
3 0.810355 0.585767 0.0341644 0.146961
2 0.807225 0.529653 0.0143772 0.0296853
3 0.810356 0.585767 0.0341612 0.146954
2 0.807225 0.529656 0.0143757 0.0296844
3 0.810356 0.58577 0.0341614 0.146958
2 0.807226 0.529653 0.0143747 0.0296755
3 0.810356 0.585768 0.0341612 0.14696
2 0.807226 0.529655 0.014378 0.0296806
3 0.810356 0.585768 0.0341648 0.14696
2 0.807224 0.529653 0.0143738 0.0296847
3 0.810358 0.585761 0.0341627 0.146952
2 0.807226 0.529651 0.0143757 0.0296723
3 0.810355 0.585768 0.0341623 0.146959
2 0.807224 0.529652 0.0143734 0.0296724
3 0.810355 0.585767 0.0341646 0.146961
2 0.807225 0.529654 0.0143738 0.0296843
3 0.810359 0.585773 0.0341694 0.146968
2 0.807227 0.52965 0.0143738 0.0296745
3 0.810357 0.585769 0.0341683 0.146959
2 0.807223 0.529656 0.0143742 0.029684
3 0.810356 0.585766 0.0341694 0.146971
2 0.807224 0.529653 0.0143738 0.0296937
3 0.810356 0.585775 0.034165 0.146965
2 0.807226 0.529655 0.0143772 0.0296819
3 0.810355 0.585765 0.0341662 0.14696
2 0.807225 0.529654 0.0143704 0.0296913
3 0.810356 0.585772 0.0341631 0.146964
2 0.807226 0.529653 0.0143746 0.0296764
3 0.810357 0.585771 0.0341712 0.146966
2 0.807224 0.529655 0.0143799 0.0296866
3 0.810357 0.585767 0.0341639 0.146952
2 0.807224 0.529654 0.0143723 0.0296803
3 0.810357 0.585772 0.0341631 0.14697
2 0.807225 0.529645 0.014373 0.0296722
3 0.810354 0.585767 0.0341627 0.146962
2 0.807222 0.529657 0.0143694 0.0296898
3 0.810356 0.585766 0.0341644 0.146958
2 0.807225 0.529654 0.0143753 0.0296826
3 0.810356 0.585768 0.0341653 0.14696
2 0.807226 0.529655 0.0143772 0.0296831
3 0.810357 0.585765 0.034165 0.146951
2 0.807225 0.529655 0.0143751 0.0296852
3 0.810357 0.585769 0.0341595 0.146953
2 0.807226 0.529659 0.0143692 0.029685
3 0.810358 0.585769 0.0341672 0.146965
2 0.807223 0.529655 0.0143669 0.0296881
3 0.810354 0.585768 0.0341618 0.146958
2 0.807223 0.529651 0.0143715 0.0296716
3 0.810357 0.585769 0.0341637 0.146961
2 0.807226 0.529656 0.0143719 0.0296872
3 0.810354 0.585768 0.0341652 0.146958
2 0.807223 0.529652 0.014374 0.0296745
3 0.810355 0.585767 0.0341587 0.146943
2 0.807225 0.529659 0.0143757 0.0296845
3 0.810357 0.585768 0.0341739 0.146968
2 0.807223 0.529651 0.0143723 0.0296904
3 0.810355 0.585767 0.0341662 0.146962
2 0.807224 0.529653 0.0143797 0.0296755
3 0.810353 0.585757 0.0341534 0.146915
2 0.807226 0.529658 0.0143767 0.029678
3 0.810355 0.585767 0.0341613 0.146965
2 0.807226 0.529654 0.0143723 0.0296865
3 0.810355 0.585769 0.0341631 0.146958
2 0.807225 0.529654 0.0143746 0.0296822
3 0.810358 0.585767 0.0341653 0.146951
2 0.807225 0.529657 0.0143702 0.0296893
3 0.810356 0.585768 0.0341621 0.146964
2 0.807225 0.529657 0.01437 0.0296896
3 0.810354 0.585767 0.0341623 0.146958
2 0.807223 0.529652 0.0143738 0.0296748
3 0.810357 0.585765 0.0341676 0.146963
2 0.807225 0.529655 0.0143704 0.0296897
3 0.810356 0.585766 0.0341623 0.14696
2 0.807224 0.529654 0.0143696 0.0296853
3 0.81035 0.585755 0.0341547 0.146926
2 0.807224 0.529658 0.0143749 0.0296756
3 0.810357 0.585768 0.0341629 0.146954
2 0.807226 0.529653 0.0143753 0.0296814
3 0.810357 0.585769 0.0341602 0.146957
2 0.807226 0.529656 0.0143706 0.0296893
3 0.810355 0.585765 0.0341639 0.14696
2 0.807223 0.529655 0.0143677 0.0296858
3 0.810357 0.585769 0.034162 0.14696
2 0.807225 0.529656 0.0143749 0.0296813
3 0.810358 0.585765 0.0341669 0.146951
2 0.807226 0.529656 0.0143711 0.0296891
3 0.810355 0.585767 0.0341623 0.146954
2 0.807226 0.529656 0.0143702 0.029689
3 0.810356 0.585769 0.0341616 0.146959
2 0.807226 0.529653 0.014373 0.0296719
3 0.810357 0.585767 0.0341658 0.146956
2 0.807225 0.529655 0.0143746 0.029683
3 0.810357 0.585767 0.034165 0.146964
2 0.807225 0.529656 0.0143713 0.02969
3 0.81035 0.585749 0.0341541 0.146922
2 0.807223 0.529657 0.0143742 0.0296765
3 0.810358 0.585765 0.0341672 0.146956
2 0.807226 0.529653 0.0143757 0.0296812
3 0.810358 0.585769 0.034161 0.146954
2 0.807224 0.529653 0.014373 0.0296801
3 0.810355 0.585768 0.0341617 0.146957
2 0.807225 0.529652 0.0143757 0.0296773
3 0.810355 0.585768 0.0341621 0.146957
2 0.807226 0.529654 0.0143744 0.029676
3 0.810357 0.585769 0.0341627 0.14696
2 0.807225 0.529655 0.0143742 0.0296836
3 0.810354 0.585766 0.0341633 0.146966
2 0.807226 0.529655 0.0143707 0.0296886
3 0.81036 0.585775 0.0341742 0.14697
2 0.807226 0.529659 0.0143734 0.0296844
3 0.810359 0.585768 0.0341669 0.146962
2 0.807225 0.529655 0.0143767 0.0296858
3 0.810358 0.585775 0.0341691 0.146974
2 0.807225 0.529655 0.0143723 0.029688
3 0.810357 0.585766 0.0341705 0.146959
2 0.807225 0.529654 0.0143757 0.029687
3 0.810359 0.585749 0.0341538 0.146902
2 0.807231 0.529662 0.0143788 0.0296704
3 0.810351 0.585758 0.034162 0.146934
2 0.807224 0.529655 0.0143744 0.0296788
3 0.810354 0.585758 0.0341591 0.146914
2 0.807226 0.529657 0.0143759 0.0296704
3 0.810351 0.585753 0.0341601 0.146915
2 0.807223 0.529653 0.0143768 0.0296695
3 0.810354 0.585755 0.0341541 0.146921
2 0.807223 0.529656 0.0143734 0.0296776
3 0.810353 0.585755 0.0341606 0.14693
2 0.807224 0.529658 0.0143761 0.0296747
3 0.810352 0.58575 0.0341574 0.146918
2 0.807226 0.52966 0.0143768 0.029681
3 0.810352 0.585749 0.0341571 0.14692
2 0.807223 0.529656 0.0143776 0.0296778
3 0.810353 0.585754 0.0341503 0.146917
2 0.807226 0.529659 0.014378 0.02968
3 0.810355 0.585767 0.0341631 0.146958
2 0.807222 0.529655 0.0143738 0.0296845
3 0.810354 0.585767 0.0341632 0.14696
2 0.807224 0.529652 0.0143734 0.0296782
3 0.810355 0.585767 0.034167 0.146961
2 0.807224 0.529654 0.014378 0.0296838
3 0.810357 0.58577 0.0341626 0.146959
2 0.807225 0.529657 0.0143786 0.0296821
3 0.810356 0.58577 0.034162 0.146958
2 0.807225 0.529654 0.014374 0.0296827
3 0.810357 0.585769 0.0341669 0.146967
2 0.807226 0.529658 0.0143704 0.0296901
3 0.810357 0.585764 0.0341362 0.146924
2 0.807221 0.529653 0.0143563 0.0296765
3 0.810356 0.585775 0.0341538 0.146942
2 0.807222 0.529669 0.0143606 0.0296787
3 0.810355 0.585773 0.0341459 0.146934
2 0.807221 0.529664 0.0143562 0.0296764
3 0.810355 0.585774 0.0341475 0.146942
2 0.807222 0.529663 0.0143552 0.0296795
3 0.810357 0.585776 0.0341479 0.146941
2 0.807222 0.529664 0.0143597 0.029681
3 0.810356 0.585777 0.0341547 0.146945
2 0.807221 0.529663 0.0143578 0.0296713
3 0.810354 0.585773 0.034145 0.146928
2 0.807222 0.529663 0.0143601 0.029672
