3 0.810348 0.585483 0.0342049 0.146893
2 0.807254 0.52942 0.0142716 0.0295185
3 0.81035 0.585618 0.0342312 0.147119
2 0.80725 0.529465 0.0143326 0.0296586
3 0.810355 0.585633 0.0342174 0.147115
2 0.807248 0.529477 0.0143186 0.0296456
3 0.810359 0.58561 0.034211 0.147065
2 0.807245 0.529474 0.0143024 0.029625
3 0.810354 0.585606 0.0342225 0.14709
2 0.807244 0.52945 0.0143001 0.0295858
3 0.81036 0.585594 0.0342119 0.147057
2 0.807249 0.529455 0.0142782 0.0295502
3 0.810357 0.585587 0.0341899 0.147028
2 0.807246 0.529463 0.0142756 0.029547
3 0.810356 0.585587 0.0341884 0.147027
2 0.807246 0.529464 0.0142767 0.029549
3 0.81036 0.585602 0.0342079 0.147074
2 0.807247 0.529458 0.0142719 0.029546
3 0.810361 0.585595 0.0342098 0.147046
2 0.807249 0.529468 0.0142792 0.0295531
3 0.810359 0.585573 0.0341919 0.146989
2 0.807245 0.529469 0.0142662 0.0295516
3 0.810358 0.585588 0.0342125 0.147038
2 0.807244 0.529468 0.0142736 0.0295584
3 0.810358 0.585579 0.034189 0.146988
2 0.807242 0.529471 0.01427 0.0295476
3 0.810358 0.585572 0.0341954 0.146986
2 0.807247 0.529475 0.0142723 0.029555
